    (31, 2, 47, 25, 1000000000),
    (31, 2, 467, 1, 2000000000),
    (31, 4, 47, 25, 1000000000),
    (31, 4, 53, 25, 1000000000),
    (31, 94, 311, 1, 1000000000),
    (31, 94, 467, 1, 2000000000),
    (31, 138, 173, 3, 1000000000),
    (31, 156, 311, 1, 1000000000),
    (31, 280, 311, 1, 1000000000),
    (31, 498, 467, 1, 2000000000),
    (43, 21, 59, 25, 1000000000),
    (43, 21, 101, 25, 1000000000),
    (43, 21, 107, 25, 1000000000),
    (43, 44, 107, 10, 1000000000),
    (43, 47, 107, 25, 1000000000),
    (47, 2, 439, 1, 1000000000),
    (47, 2, 499, 1, 1000000000),
    (47, 6, 439, 1, 1000000000),
    (47, 9, 269, 1, 1000000000),
    (47, 12, 239, 1, 1000000000),
    (47, 12, 439, 1, 1000000000),
    (47, 49, 59, 25, 1000000000),
    (47, 49, 409, 1, 1000000000),
    (47, 49, 439, 1, 1000000000),
    (47, 81, 73, 25, 1000000000),
    (47, 81, 83, 25, 1000000000),
    (47, 81, 383, 1, 1000000000),
    (47, 84, 19, 25, 1000000000),
    (47, 84, 59, 25, 1000000000),
    (47, 84, 83, 25, 1000000000),
    (47, 84, 89, 25, 1000000000),
    (47, 84, 107, 25, 1000000000),
    (47, 91, 31, 25, 1000000000),
    (47, 96, 59, 25, 1000000000),
    (47, 96, 487, 1, 1000000000),
    (47, 97, 59, 25, 1000000000),
    (47, 97, 269, 1, 1000000000),
    (47, 97, 487, 1, 1000000000),
    (47, 102, 59, 25, 1000000000),
    (47, 102, 487, 1, 1000000000),
    (47, 122, 31, 25, 1000000000),
    (47, 122, 439, 1, 1000000000),
    (47, 139, 409, 1, 1000000000),
    (47, 144, 439, 1, 2000000000),
    (47, 145, 439, 1, 1000000000),
    (47, 147, 347, 1, 2000000000),
    (47, 157, 439, 1, 1000000000),
    (47, 168, 263, 2, 1000000000),
    (47, 168, 383, 1, 1000000000),
    (47, 183, 359, 1, 2000000000),
    (47, 192, 239, 1, 1000000000),
    (47, 192, 439, 1, 1000000000),
    (47, 195, 89, 1, 1000000000),
    (47, 195, 439, 1, 1000000000),
    (47, 200, 487, 1, 1000000000),
    (47, 202, 431, 1, 1000000000),
    (47, 209, 439, 1, 1000000000),
    (47, 212, 269, 1, 1000000000),
    (47, 212, 409, 1, 1000000000),
    (47, 213, 487, 1, 1000000000),
    (47, 215, 269, 1, 1000000000),
    (47, 215, 439, 1, 1000000000),
    (47, 231, 409, 1, 1000000000),
    (47, 243, 439, 1, 1000000000),
    (47, 244, 409, 2, 1000000000),
    (47, 251, 439, 1, 1000000000),
    (47, 260, 487, 1, 1000000000),
    (47, 277, 439, 1, 2000000000),
    (47, 286, 359, 1, 2000000000),
    (47, 290, 337, 1, 1000000000),
    (47, 294, 383, 1, 1000000000),
    (47, 296, 487, 1, 1000000000),
    (47, 297, 409, 1, 1000000000),
    (47, 300, 347, 3, 1000000000),
    (47, 310, 347, 1, 2000000000),
    (47, 312, 359, 1, 2000000000),
    (47, 330, 331, 1, 2000000000),
    (47, 331, 383, 1, 1000000000),
    (47, 336, 409, 1, 1000000000),
    (47, 336, 439, 1, 1000000000),
    (47, 343, 487, 1, 1000000000),
    (47, 346, 347, 1, 2000000000),
    (47, 350, 397, 1, 1000000000),
    (47, 378, 379, 1, 1000000000),
    (47, 379, 383, 1, 1000000000),
    (47, 383, 409, 3, 1000000000),
    (47, 384, 431, 1, 1000000000),
    (47, 384, 439, 1, 1000000000),
    (47, 386, 409, 1, 1000000000),
    (47, 390, 439, 1, 1000000000),
    (47, 392, 439, 1, 1000000000),
    (47, 397, 439, 1, 1000000000),
    (47, 410, 457, 1, 1000000000),
    (47, 411, 367, 1, 1000000000),
    (47, 412, 367, 1, 1000000000),
    (47, 412, 439, 1, 1000000000),
    (47, 413, 347, 3, 1000000000),
    (47, 426, 353, 3, 1000000000),
    (47, 427, 409, 1, 1000000000),
    (47, 430, 439, 1, 1000000000),
    (47, 431, 439, 1, 1000000000),
    (47, 440, 409, 1, 1000000000),
    (47, 440, 487, 1, 1000000000),
    (47, 447, 439, 1, 1000000000),
    (47, 455, 439, 1, 2000000000),
    (47, 460, 439, 1, 1000000000),
    (47, 473, 499, 1, 1000000000),
    (47, 476, 269, 1, 1000000000),
    (47, 494, 383, 1, 1000000000),
    (53, 148, 311, 1, 1000000000),
    (53, 258, 311, 1, 1000000000),
    (59, 31, 47, 25, 1000000000),
    (59, 42, 67, 25, 1000000000),
    (59, 42, 83, 25, 1000000000),
    (59, 42, 89, 25, 1000000000),
    (59, 60, 263, 114514, 114514), # 未解决！！！
    (59, 73, 47, 25, 1000000000),
    (59, 85, 83, 10, 1000000000),
    (59, 87, 47, 25, 1000000000),
    (59, 99, 47, 25, 1000000000),
    (59, 234, 293, 1, 2000000000),
    (59, 322, 263, 1, 2000000000),
    (71, 288, 73, 1, 1000000000),
    (71, 458, 233, 1, 1000000000),
    (83, 7, 59, 25, 1000000000),
    (83, 11, 59, 25, 1000000000),
    (83, 18, 19, 25, 1000000000),
    (83, 21, 59, 25, 1000000000),
    (83, 29, 59, 25, 1000000000),
    (83, 30, 59, 10, 1000000000),
    (83, 33, 47, 25, 1000000000),
    (83, 33, 89, 25, 1000000000),
    (83, 33, 173, 5, 1000000000),
    (83, 40, 59, 10, 1000000000),
    (83, 51, 59, 25, 1000000000),
    (83, 61, 59, 25, 1000000000),
    (83, 78, 59, 25, 1000000000),
    (83, 78, 173, 5, 1000000000),
    (83, 84, 59, 25, 1000000000),
    (83, 84, 89, 25, 1000000000),
    (83, 84, 107, 25, 1000000000),
    (83, 85, 47, 50, 1000000000),
    (83, 90, 173, 5, 1000000000),
    (83, 93, 89, 25, 1000000000),
    (83, 94, 59, 10, 1000000000),
    (83, 95, 59, 10, 1000000000),
    (83, 106, 59, 25, 1000000000),
    (83, 110, 193, 5, 1000000000),
    (83, 114, 197, 7, 1000000000),
    (83, 118, 467, 1, 2000000000),
    (83, 143, 179, 2, 1000000000),
    (83, 195, 389, 1, 2000000000),
    (83, 196, 197, 2, 1000000000),
    (83, 197, 173, 1, 1000000000),
    (83, 225, 383, 1, 2000000000),
    (83, 274, 467, 2, 1000000000),
    (83, 276, 383, 2, 1000000000),
    (83, 292, 179, 2, 1000000000),
    (83, 300, 383, 1, 2000000000),
    (83, 314, 439, 1, 2000000000),
    (83, 322, 179, 2, 1000000000),
    (83, 412, 467, 1, 2000000000),
    (83, 438, 439, 2, 1000000000),
    (89, 357, 479, 1, 1000000000),
    (107, 22, 43, 8, 1000000000),
    (107, 34, 59, 25, 1000000000),
    (107, 82, 43, 25, 1000000000),
    (113, 354, 467, 1, 2000000000),
    (127, 64, 389, 1, 2000000000),
    (127, 262, 389, 1, 2000000000),
    (131, 165, 311, 1, 1000000000),
    (131, 371, 311, 1, 1000000000),
    (131, 432, 311, 1, 1000000000),
    (137, 215, 383, 1, 1000000000),
    (137, 222, 359, 1, 2000000000),
    (137, 291, 359, 1, 2000000000),
    (137, 296, 383, 1, 1000000000),
    (137, 350, 263, 1, 2000000000),
    (137, 492, 359, 1, 2000000000),
    (149, 80, 383, 1, 1000000000),
    (149, 90, 239, 1, 1000000000),
    (149, 270, 389, 1, 1000000000),
    (149, 297, 467, 1, 1000000000),
    (149, 493, 467, 1, 1000000000),
    (157, 154, 311, 1, 1000000000),
    (167, 6, 173, 1, 1000000000),
    (167, 7, 311, 1, 1000000000),
    (167, 9, 179, 1, 1000000000),
    (167, 14, 181, 2, 1000000000),
    (167, 16, 179, 9, 1000000000),
    (167, 21, 367, 1, 1000000000),
    (167, 31, 179, 9, 1000000000),
    (167, 32, 199, 2, 1000000000),
    (167, 54, 317, 1, 1000000000),
    (167, 56, 223, 1, 1000000000),
    (167, 57, 317, 1, 1000000000),
    (167, 62, 229, 1, 1000000000),
    (167, 64, 359, 1, 1000000000),
    (167, 65, 179, 8, 1000000000),
    (167, 66, 233, 5, 1000000000),
    (167, 66, 359, 1, 2000000000),
    (167, 72, 239, 1, 1000000000),
    (167, 74, 241, 2, 1000000000),
    (167, 81, 367, 1, 1000000000),
    (167, 96, 263, 1, 1000000000),
    (167, 114, 281, 1, 1000000000),
    (167, 124, 47, 3, 1000000000),
    (167, 124, 239, 1, 1000000000),
    (167, 126, 293, 1, 1000000000),
    (167, 135, 269, 1, 1000000000),
    (167, 141, 383, 1, 1000000000),
    (167, 141, 401, 1, 1000000000),
    (167, 144, 311, 1, 1000000000),
    (167, 181, 317, 1, 1000000000),
    (167, 185, 439, 1, 2000000000),
    (167, 185, 479, 1, 1000000000),
    (167, 188, 173, 3, 1000000000),
    (167, 191, 179, 1, 1000000000),
    (167, 194, 173, 2, 1000000000),
    (167, 198, 199, 2, 1000000000),
    (167, 200, 367, 1, 1000000000),
    (167, 205, 317, 1, 1000000000),
    (167, 211, 173, 1, 1000000000),
    (167, 215, 241, 1, 1000000000),
    (167, 217, 317, 1, 1000000000),
    (167, 224, 467, 1, 1000000000),
    (167, 228, 317, 1, 1000000000),
    (167, 231, 179, 1, 1000000000),
    (167, 239, 359, 1, 1000000000),
    (167, 252, 239, 1, 1000000000),
    (167, 252, 317, 1, 1000000000),
    (167, 254, 421, 3, 1000000000),
    (167, 254, 479, 1, 1000000000),
    (167, 257, 131, 1, 1000000000),
    (167, 261, 173, 1, 1000000000),
    (167, 261, 467, 1, 1000000000),
    (167, 274, 239, 1, 1000000000),
    (167, 274, 359, 1, 2000000000),
    (167, 282, 449, 1, 1000000000),
    (167, 282, 479, 1, 1000000000),
    (167, 283, 223, 1, 1000000000),
    (167, 283, 499, 1, 1000000000),
    (167, 291, 179, 1, 1000000000),
    (167, 294, 179, 1, 1000000000),
    (167, 299, 179, 1, 1000000000),
    (167, 300, 467, 1, 1000000000),
    (167, 304, 179, 1, 1000000000),
    (167, 309, 269, 1, 1000000000),
    (167, 314, 179, 1, 1000000000),
    (167, 314, 401, 1, 1000000000),
    (167, 340, 173, 1, 1000000000),
    (167, 342, 359, 1, 2000000000),
    (167, 352, 173, 1, 1000000000),
    (167, 353, 179, 1, 1000000000),
    (167, 356, 173, 1, 1000000000),
    (167, 381, 179, 1, 1000000000),
    (167, 381, 479, 1, 1000000000),
    (167, 384, 173, 1, 1000000000),
    (167, 384, 239, 1, 1000000000),
    (167, 384, 317, 1, 1000000000),
    (167, 416, 269, 1, 2000000000),
    (167, 419, 173, 1, 1000000000),
    (167, 421, 179, 1, 1000000000),
    (167, 430, 173, 1, 1000000000),
    (167, 441, 179, 1, 1000000000),
    (167, 441, 317, 1, 1000000000),
    (167, 446, 179, 1, 1000000000),
    (167, 456, 179, 1, 1000000000),
    (167, 469, 439, 1, 2000000000),
    (167, 478, 179, 1, 1000000000),
    (167, 478, 241, 1, 1000000000),
    (167, 483, 269, 1, 2000000000),
    (167, 488, 173, 1, 1000000000),
    (173, 41, 167, 2, 1000000000),
    (173, 90, 167, 1, 1000000000),
    (173, 92, 167, 2, 1000000000),
    (173, 118, 83, 1, 1000000000),
    (173, 159, 167, 1, 1000000000),
    (173, 233, 83, 2, 1000000000),
    (173, 269, 83, 3, 1000000000),
    (173, 269, 167, 1, 1000000000),
    (173, 333, 167, 1, 1000000000),
    (173, 360, 167, 1, 1000000000),
    (173, 377, 167, 1, 1000000000),
    (173, 468, 167, 1, 1000000000),
    (173, 497, 167, 1, 1000000000),
    (179, 3, 353, 1, 2000000000),
    (179, 3, 439, 1, 1000000000),
    (179, 4, 227, 3, 1000000000),
    (179, 5, 269, 1, 1000000000),
    (179, 9, 317, 1, 2000000000),
    (179, 13, 443, 1, 1000000000),
    (179, 14, 431, 1, 1000000000),
    (179, 14, 479, 1, 2000000000),
    (179, 16, 443, 1, 2000000000),
    (179, 19, 443, 1, 1000000000),
    (179, 20, 443, 1, 1000000000),
    (179, 22, 443, 1, 1000000000),
    (179, 25, 443, 1, 1000000000),
    (179, 36, 181, 1, 1000000000),
    (179, 41, 167, 1, 1000000000),
    (179, 45, 443, 1, 1000000000),
    (179, 49, 281, 1, 1000000000),
    (179, 49, 439, 1, 1000000000),
    (179, 51, 227, 3, 1000000000),
    (179, 51, 269, 1, 1000000000),
    (179, 51, 443, 1, 1000000000),
    (179, 55, 167, 1, 1000000000),
    (179, 55, 311, 1, 1000000000),
    (179, 60, 239, 1, 1000000000),
    (179, 64, 317, 1, 1000000000),
    (179, 64, 373, 1, 1000000000),
    (179, 70, 443, 1, 1000000000),
    (179, 71, 167, 9, 1000000000),
    (179, 72, 251, 1, 1000000000),
    (179, 74, 227, 3, 1000000000),
    (179, 88, 227, 2, 1000000000),
    (179, 90, 269, 1, 2000000000),
    (179, 93, 383, 5, 1000000000),
    (179, 95, 443, 1, 1000000000),
    (179, 103, 167, 4, 1000000000),
    (179, 106, 167, 1, 1000000000),
    (179, 117, 443, 1, 1000000000),
    (179, 124, 443, 1, 1000000000),
    (179, 135, 383, 5, 1000000000),
    (179, 136, 167, 1, 1000000000),
    (179, 141, 479, 1, 2000000000),
    (179, 143, 167, 1, 1000000000),
    (179, 145, 383, 1, 1000000000),
    (179, 149, 167, 9, 1000000000),
    (179, 153, 389, 1, 1000000000),
    (179, 160, 353, 1, 2000000000),
    (179, 168, 347, 3, 1000000000),
    (179, 171, 383, 3, 1000000000),
    (179, 172, 479, 1, 2000000000),
    (179, 175, 269, 1, 2000000000),
    (179, 175, 431, 1, 1000000000),
    (179, 188, 443, 1, 1000000000),
    (179, 194, 373, 1, 1000000000),
    (179, 208, 367, 1, 1000000000),
    (179, 213, 353, 1, 2000000000),
    (179, 218, 397, 2, 1000000000),
    (179, 218, 439, 1, 1000000000),
    (179, 222, 353, 6, 1000000000),
    (179, 222, 431, 1, 1000000000),
    (179, 228, 227, 3, 1000000000),
    (179, 240, 167, 1, 1000000000),
    (179, 240, 181, 1, 1000000000),
    (179, 243, 373, 1, 1000000000),
    (179, 243, 439, 1, 1000000000),
    (179, 245, 269, 1, 1000000000),
    (179, 245, 443, 1, 1000000000),
    (179, 247, 439, 1, 1000000000),
    (179, 247, 443, 1, 1000000000),
    (179, 255, 353, 1, 2000000000),
    (179, 260, 227, 2, 1000000000),
    (179, 260, 439, 1, 1000000000),
    (179, 264, 443, 1, 1000000000),
    (179, 272, 269, 1, 1000000000),
    (179, 272, 383, 1, 1000000000),
    (179, 274, 443, 1, 1000000000),
    (179, 276, 167, 1, 1000000000),
    (179, 277, 167, 1, 1000000000),
    (179, 281, 269, 1, 1000000000),
    (179, 281, 431, 1, 1000000000),
    (179, 286, 167, 1, 1000000000),
    (179, 286, 443, 1, 1000000000),
    (179, 287, 239, 1, 1000000000),
    (179, 287, 443, 1, 1000000000),
    (179, 289, 383, 5, 1000000000),
    (179, 289, 443, 1, 1000000000),
    (179, 292, 167, 1, 1000000000),
    (179, 298, 311, 1, 1000000000),
    (179, 300, 479, 1, 2000000000),
    (179, 304, 269, 1, 1000000000),
    (179, 304, 383, 1, 1000000000),
    (179, 309, 167, 1, 1000000000),
    (179, 312, 491, 1, 2000000000),
    (179, 317, 227, 1, 2000000000),
    (179, 320, 499, 1, 2000000000),
    (179, 321, 443, 1, 1000000000),
    (179, 332, 167, 1, 1000000000),
    (179, 337, 479, 1, 2000000000),
    (179, 340, 443, 1, 1000000000),
    (179, 347, 167, 1, 1000000000),
    (179, 351, 443, 1, 1000000000),
    (179, 352, 443, 1, 1000000000),
    (179, 356, 227, 2, 1000000000),
    (179, 356, 431, 1, 1000000000),
    (179, 363, 353, 1, 2000000000),
    (179, 367, 383, 5, 1000000000),
    (179, 372, 83, 2, 1000000000),
    (179, 383, 239, 1, 1000000000),
    (179, 387, 227, 1, 2000000000),
    (179, 387, 233, 3, 1000000000),
    (179, 387, 367, 1, 1000000000),
    (179, 400, 317, 4, 1000000000),
    (179, 401, 167, 1, 1000000000),
    (179, 401, 347, 3, 1000000000),
    (179, 403, 167, 1, 1000000000),
    (179, 405, 443, 1, 1000000000),
    (179, 418, 239, 1, 1000000000),
    (179, 418, 419, 2, 1000000000),
    (179, 432, 269, 1, 2000000000),
    (179, 433, 443, 1, 1000000000),
    (179, 436, 167, 1, 1000000000),
    (179, 438, 269, 1, 1000000000),
    (179, 438, 439, 1, 1000000000),
    (179, 440, 317, 3, 1000000000),
    (179, 441, 353, 1, 2000000000),
    (179, 446, 269, 1, 1000000000),
    (179, 446, 439, 1, 1000000000),
    (179, 447, 443, 1, 1000000000),
    (179, 448, 353, 6, 1000000000),
    (179, 452, 167, 1, 1000000000),
    (179, 453, 311, 1, 1000000000),
    (179, 453, 439, 3, 1000000000),
    (179, 454, 167, 1, 1000000000),
    (179, 455, 269, 1, 1000000000),
    (179, 460, 269, 1, 2000000000),
    (179, 463, 167, 1, 1000000000),
    (179, 468, 443, 1, 1000000000),
    (179, 484, 383, 1, 2000000000),
    (179, 497, 443, 1, 1000000000),
    (181, 7, 8, 1, 1000000000),
    (181, 7, 32, 1, 1000000000),
    (197, 166, 167, 1, 1000000000),
    (197, 490, 491, 1, 1000000000),
    (223, 18, 241, 1, 1000000000),
    (223, 25, 353, 1, 1000000000),
    (223, 49, 479, 1, 1000000000),
    (223, 58, 353, 1, 1000000000),
    (223, 166, 389, 1, 2000000000),
    (223, 224, 479, 1, 1000000000),
    (223, 230, 479, 1, 1000000000),
    (223, 239, 479, 1, 1000000000),
    (223, 306, 353, 1, 1000000000),
    (223, 419, 479, 1, 1000000000),
    (223, 454, 239, 1, 1000000000),
    (223, 454, 479, 1, 1000000000),
    (223, 478, 479, 1, 1000000000),
    (227, 3, 263, 114514, 114514), # 未解决！！！
    (227, 9, 359, 1, 2000000000),
    (227, 16, 479, 1, 1000000000),
    (227, 19, 359, 1, 2000000000),
    (227, 25, 263, 114514, 114514), # 未解决！！！
    (227, 26, 263, 114514, 114514), # 未解决！！！
    (227, 28, 479, 1, 1000000000),
    (227, 30, 257, 1, 1000000000),
    (227, 33, 179, 3, 1000000000),
    (227, 34, 389, 1, 1000000000),
    (227, 36, 263, 114514, 114514), # 未解决！！！
    (227, 38, 179, 4, 1000000000),
    (227, 42, 269, 1, 1000000000),
    (227, 44, 359, 1, 2000000000),
    (227, 49, 263, 114514, 114514), # 未解决！！！
    (227, 50, 277, 6, 1000000000),
    (227, 65, 263, 114514, 114514), # 未解决！！！
    (227, 69, 179, 2, 1000000000),
    (227, 69, 359, 1, 2000000000),
    (227, 70, 311, 1, 1000000000),
    (227, 70, 359, 1, 2000000000),
    (227, 71, 263, 114514, 114514), # 未解决！！！
    (227, 73, 311, 1, 1000000000),
    (227, 73, 317, 1, 1000000000),
    (227, 76, 467, 1, 1000000000),
    (227, 76, 479, 1, 1000000000),
    (227, 77, 263, 114514, 114514), # 未解决！！！
    (227, 79, 479, 1, 1000000000),
    (227, 90, 311, 1, 1000000000),
    (227, 90, 479, 1, 1000000000),
    (227, 100, 479, 1, 1000000000),
    (227, 101, 439, 1, 2000000000),
    (227, 102, 239, 1, 1000000000),
    (227, 102, 263, 114514, 114514), # 未解决！！！
    (227, 102, 491, 5, 1000000000),
    (227, 104, 331, 1, 1000000000),
    (227, 110, 359, 1, 2000000000),
    (227, 120, 347, 1, 2000000000),
    (227, 120, 359, 1, 2000000000),
    (227, 122, 349, 1, 1000000000),
    (227, 134, 239, 1, 1000000000),
    (227, 136, 317, 1, 1000000000),
    (227, 141, 263, 114514, 114514), # 未解决！！！
    (227, 141, 359, 1, 2000000000),
    (227, 144, 317, 1, 1000000000),
    (227, 144, 479, 1, 1000000000),
    (227, 147, 263, 114514, 114514), # 未解决！！！
    (227, 159, 479, 1, 1000000000),
    (227, 171, 263, 114514, 114514), # 未解决！！！
    (227, 171, 311, 1, 1000000000),
    (227, 171, 353, 1, 1000000000),
    (227, 176, 389, 1, 1000000000),
    (227, 182, 347, 1, 2000000000),
    (227, 182, 479, 1, 1000000000),
    (227, 185, 263, 114514, 114514), # 未解决！！！
    (227, 185, 479, 1, 1000000000),
    (227, 197, 269, 1, 1000000000),
    (227, 204, 431, 1, 1000000000),
    (227, 207, 317, 1, 2000000000),
    (227, 207, 443, 1, 1000000000),
    (227, 210, 373, 1, 1000000000),
    (227, 214, 479, 1, 1000000000),
    (227, 222, 263, 114514, 114514), # 未解决！！！
    (227, 225, 359, 1, 2000000000),
    (227, 228, 479, 1, 1000000000),
    (227, 230, 479, 1, 1000000000),
    (227, 235, 353, 1, 1000000000),
    (227, 236, 463, 5, 1000000000),
    (227, 239, 263, 114514, 114514), # 未解决！！！
    (227, 242, 241, 1, 1000000000),
    (227, 243, 479, 1, 1000000000),
    (227, 245, 389, 1, 1000000000),
    (227, 250, 317, 1, 2000000000),
    (227, 250, 491, 1, 1000000000),
    (227, 251, 353, 1, 1000000000),
    (227, 253, 239, 1, 1000000000),
    (227, 254, 479, 1, 1000000000),
    (227, 255, 311, 1, 1000000000),
    (227, 255, 467, 1, 1000000000),
    (227, 255, 479, 1, 1000000000),
    (227, 256, 359, 1, 2000000000),
    (227, 259, 269, 1, 1000000000),
    (227, 261, 479, 1, 1000000000),
    (227, 263, 239, 1, 1000000000),
    (227, 264, 389, 1, 1000000000),
    (227, 267, 263, 1, 2000000000),
    (227, 275, 239, 1, 1000000000),
    (227, 276, 53, 1, 1000000000),
    (227, 277, 373, 1, 1000000000),
    (227, 286, 311, 1, 1000000000),
    (227, 286, 359, 1, 2000000000),
    (227, 291, 179, 3, 1000000000),
    (227, 294, 179, 3, 1000000000),
    (227, 294, 467, 1, 1000000000),
    (227, 297, 229, 1, 1000000000),
    (227, 297, 263, 1, 2000000000),
    (227, 297, 479, 1, 1000000000),
    (227, 298, 389, 1, 2000000000),
    (227, 300, 359, 1, 2000000000),
    (227, 302, 239, 1, 1000000000),
    (227, 303, 197, 1, 1000000000),
    (227, 303, 467, 1, 1000000000),
    (227, 303, 479, 1, 1000000000),
    (227, 305, 479, 1, 1000000000),
    (227, 306, 431, 1, 1000000000),
    (227, 309, 359, 1, 2000000000),
    (227, 330, 311, 1, 1000000000),
    (227, 330, 331, 1, 1000000000),
    (227, 330, 359, 1, 2000000000),
    (227, 330, 367, 1, 1000000000),
    (227, 339, 179, 3, 1000000000),
    (227, 348, 233, 3, 1000000000),
    (227, 348, 239, 1, 1000000000),
    (227, 348, 359, 1, 2000000000),
    (227, 355, 389, 1, 1000000000),
    (227, 362, 241, 1, 1000000000),
    (227, 365, 373, 1, 1000000000),
    (227, 374, 359, 1, 2000000000),
    (227, 374, 373, 1, 1000000000),
    (227, 387, 317, 1, 2000000000),
    (227, 399, 479, 1, 1000000000),
    (227, 400, 263, 1, 2000000000),
    (227, 401, 229, 1, 1000000000),
    (227, 403, 373, 1, 1000000000),
    (227, 413, 239, 1, 1000000000),
    (227, 413, 311, 1, 1000000000),
    (227, 413, 317, 1, 2000000000),
    (227, 413, 479, 1, 1000000000),
    (227, 415, 269, 1, 1000000000),
    (227, 416, 479, 1, 1000000000),
    (227, 417, 479, 1, 1000000000),
    (227, 419, 487, 1, 1000000000),
    (227, 430, 263, 1, 2000000000),
    (227, 431, 283, 1, 1000000000),
    (227, 436, 311, 1, 1000000000),
    (227, 437, 373, 1, 1000000000),
    (227, 449, 239, 1, 1000000000),
    (227, 452, 479, 1, 1000000000),
    (227, 456, 229, 1, 1000000000),
    (227, 456, 389, 1, 1000000000),
    (227, 457, 179, 3, 1000000000),
    (227, 460, 179, 1, 2000000000),
    (227, 461, 389, 1, 1000000000),
    (227, 462, 229, 1, 1000000000),
    (227, 479, 263, 1, 2000000000),
    (227, 480, 311, 1, 1000000000),
    (227, 480, 479, 1, 1000000000),
    (227, 481, 389, 1, 1000000000),
    (227, 481, 479, 1, 1000000000),
    (227, 486, 373, 1, 1000000000),
    (227, 487, 263, 1, 2000000000),
    (227, 487, 467, 1, 1000000000),
    (227, 495, 389, 1, 1000000000),
    (227, 498, 263, 1, 2000000000),
    (229, 414, 227, 1, 1000000000),
    (233, 38, 227, 3, 1000000000),
    (233, 38, 271, 1, 2000000000),
    (233, 126, 359, 1, 2000000000),
    (233, 348, 227, 3, 1000000000),
    (233, 468, 359, 1, 2000000000),
    (239, 12, 359, 1, 2000000000),
    (239, 54, 293, 1, 1000000000),
    (239, 73, 179, 1, 1000000000),
    (239, 79, 179, 1, 1000000000),
    (239, 81, 389, 1, 2000000000),
    (239, 81, 443, 1, 1000000000),
    (239, 131, 179, 1, 1000000000),
    (239, 233, 227, 1, 1000000000),
    (239, 362, 227, 1, 1000000000),
    (239, 367, 227, 1, 1000000000),
    (239, 419, 389, 1, 2000000000),
    (239, 450, 227, 1, 1000000000),
    (239, 472, 227, 1, 1000000000),
    (239, 481, 443, 1, 1000000000),
    (239, 493, 311, 1, 2000000000),
    (241, 32, 179, 1, 1000000000),
    (241, 372, 227, 1, 1000000000),
    (241, 420, 227, 1, 1000000000),
    (241, 446, 227, 1, 1000000000),
    (241, 450, 227, 1, 1000000000),
    (251, 500, 179, 2, 1000000000),
    (263, 3, 311, 1, 2000000000),
    (263, 6, 269, 2, 1000000000),
    (263, 6, 433, 1, 1000000000),
    (263, 6, 491, 1, 2000000000),
    (263, 8, 271, 1, 1000000000),
    (263, 8, 491, 1, 1000000000),
    (263, 9, 317, 2, 1000000000),
    (263, 9, 479, 1, 2000000000),
    (263, 11, 59, 114514, 114514), # 未解决！！！
    (263, 11, 311, 1, 2000000000),
    (263, 13, 383, 1, 2000000000),
    (263, 13, 463, 1, 2000000000),
    (263, 15, 47, 1, 1000000000),
    (263, 16, 311, 1, 2000000000),
    (263, 17, 311, 1, 2000000000),
    (263, 17, 431, 1, 1000000000),
    (263, 18, 281, 1, 1000000000),
    (263, 20, 283, 1, 1000000000),
    (263, 22, 311, 1, 2000000000),
    (263, 23, 311, 1, 2000000000),
    (263, 24, 227, 114514, 114514), # 未解决！！！
    (263, 25, 311, 1, 2000000000),
    (263, 26, 383, 1, 2000000000),
    (263, 27, 311, 1, 2000000000),
    (263, 30, 293, 1, 1000000000),
    (263, 30, 491, 1, 1000000000),
    (263, 31, 311, 1, 2000000000),
    (263, 31, 431, 1, 1000000000),
    (263, 31, 479, 1, 2000000000),
    (263, 32, 443, 1, 1000000000),
    (263, 36, 311, 1, 2000000000),
    (263, 36, 317, 1, 2000000000),
    (263, 37, 353, 1, 1000000000),
    (263, 42, 227, 114514, 114514), # 未解决！！！
    (263, 43, 317, 4, 1000000000),
    (263, 44, 307, 1, 1000000000),
    (263, 44, 311, 1, 2000000000),
    (263, 48, 311, 1, 2000000000),
    (263, 50, 313, 1, 2000000000),
    (263, 50, 479, 1, 2000000000),
    (263, 58, 59, 114514, 114514), # 未解决！！！
    (263, 60, 443, 1, 1000000000),
    (263, 62, 311, 1, 2000000000),
    (263, 68, 331, 1, 2000000000),
    (263, 69, 311, 1, 2000000000),
    (263, 71, 433, 1, 1000000000),
    (263, 72, 367, 1, 2000000000),
    (263, 72, 491, 1, 2000000000),
    (263, 73, 491, 1, 2000000000),
    (263, 74, 337, 1, 1000000000),
    (263, 74, 389, 1, 2000000000),
    (263, 84, 347, 1, 2000000000),
    (263, 86, 349, 1, 1000000000),
    (263, 86, 491, 1, 1000000000),
    (263, 90, 353, 3, 1000000000),
    (263, 90, 491, 1, 1000000000),
    (263, 92, 433, 1, 1000000000),
    (263, 92, 491, 1, 2000000000),
    (263, 96, 359, 1, 2000000000),
    (263, 102, 311, 1, 2000000000),
    (263, 104, 367, 1, 2000000000),
    (263, 104, 491, 1, 1000000000),
    (263, 107, 383, 3, 1000000000),
    (263, 107, 431, 1, 1000000000),
    (263, 111, 227, 114514, 114514), # 未解决！！！
    (263, 111, 311, 1, 2000000000),
    (263, 112, 431, 1, 1000000000),
    (263, 112, 491, 1, 1000000000),
    (263, 115, 433, 1, 1000000000),
    (263, 115, 491, 1, 2000000000),
    (263, 117, 311, 1, 2000000000),
    (263, 117, 479, 1, 2000000000),
    (263, 120, 383, 1, 2000000000),
    (263, 120, 491, 1, 2000000000),
    (263, 122, 311, 1, 2000000000),
    (263, 125, 383, 1, 2000000000),
    (263, 131, 383, 3, 1000000000),
    (263, 133, 47, 2, 1000000000),
    (263, 138, 227, 114514, 114514), # 未解决！！！
    (263, 138, 401, 1, 2000000000),
    (263, 143, 311, 1, 2000000000),
    (263, 143, 389, 1, 1000000000),
    (263, 143, 431, 1, 1000000000),
    (263, 144, 311, 1, 2000000000),
    (263, 144, 317, 2, 1000000000),
    (263, 145, 311, 1, 2000000000),
    (263, 145, 491, 1, 2000000000),
    (263, 147, 311, 1, 2000000000),
    (263, 148, 317, 4, 1000000000),
    (263, 148, 383, 1, 2000000000),
    (263, 148, 479, 1, 2000000000),
    (263, 150, 59, 114514, 114514), # 未解决！！！
    (263, 151, 311, 1, 2000000000),
    (263, 153, 353, 3, 1000000000),
    (263, 155, 383, 1, 2000000000),
    (263, 155, 433, 1, 1000000000),
    (263, 166, 311, 1, 2000000000),
    (263, 166, 383, 1, 2000000000),
    (263, 168, 431, 1, 1000000000),
    (263, 172, 311, 1, 2000000000),
    (263, 172, 431, 1, 1000000000),
    (263, 172, 479, 1, 2000000000),
    (263, 173, 311, 1, 2000000000),
    (263, 174, 433, 1, 1000000000),
    (263, 176, 383, 1, 2000000000),
    (263, 176, 389, 1, 1000000000),
    (263, 176, 439, 1, 1000000000),
    (263, 179, 317, 1, 1000000000),
    (263, 179, 479, 1, 2000000000),
    (263, 180, 443, 1, 1000000000),
    (263, 183, 383, 1, 1000000000),
    (263, 186, 311, 1, 2000000000),
    (263, 186, 317, 1, 1000000000),
    (263, 186, 433, 1, 1000000000),
    (263, 186, 449, 1, 1000000000),
    (263, 186, 479, 1, 2000000000),
    (263, 186, 491, 3, 1000000000),
    (263, 189, 431, 1, 1000000000),
    (263, 189, 491, 1, 1000000000),
    (263, 192, 311, 1, 2000000000),
    (263, 197, 383, 1, 2000000000),
    (263, 198, 353, 3, 1000000000),
    (263, 198, 461, 1, 1000000000),
    (263, 198, 491, 1, 2000000000),
    (263, 200, 311, 1, 2000000000),
    (263, 200, 463, 1, 2000000000),
    (263, 202, 491, 1, 2000000000),
    (263, 204, 467, 1, 2000000000),
    (263, 204, 479, 1, 2000000000),
    (263, 206, 311, 1, 2000000000),
    (263, 210, 311, 1, 2000000000),
    (263, 212, 389, 1, 1000000000),
    (263, 215, 431, 1, 1000000000),
    (263, 216, 479, 1, 2000000000),
    (263, 216, 491, 1, 1000000000),
    (263, 224, 487, 1, 1000000000),
    (263, 225, 311, 1, 2000000000),
    (263, 228, 433, 1, 2000000000),
    (263, 228, 491, 1, 1000000000),
    (263, 231, 383, 1, 2000000000),
    (263, 233, 431, 1, 1000000000),
    (263, 235, 227, 114514, 114514), # 未解决！！！
    (263, 235, 431, 1, 1000000000),
    (263, 236, 499, 1, 2000000000),
    (263, 242, 227, 114514, 114514), # 未解决！！！
    (263, 243, 311, 1, 2000000000),
    (263, 243, 433, 1, 1000000000),
    (263, 244, 311, 1, 2000000000),
    (263, 244, 383, 1, 2000000000),
    (263, 247, 491, 1, 1000000000),
    (263, 250, 491, 1, 2000000000),
    (263, 251, 491, 1, 2000000000),
    (263, 253, 383, 2, 1000000000),
    (263, 254, 353, 3, 1000000000),
    (263, 254, 491, 1, 1000000000),
    (263, 256, 311, 1, 2000000000),
    (263, 256, 353, 3, 1000000000),
    (263, 258, 311, 1, 2000000000),
    (263, 265, 233, 1, 2000000000),
    (263, 266, 443, 1, 1000000000),
    (263, 266, 491, 1, 2000000000),
    (263, 271, 479, 1, 2000000000),
    (263, 273, 491, 1, 2000000000),
    (263, 274, 311, 1, 2000000000),
    (263, 274, 317, 1, 1000000000),
    (263, 279, 433, 1, 1000000000),
    (263, 287, 227, 1, 2000000000),
    (263, 287, 431, 1, 1000000000),
    (263, 287, 491, 3, 1000000000),
    (263, 293, 227, 1, 2000000000),
    (263, 294, 353, 3, 1000000000),
    (263, 294, 491, 1, 2000000000),
    (263, 297, 383, 2, 1000000000),
    (263, 297, 433, 1, 1000000000),
    (263, 299, 311, 1, 2000000000),
    (263, 300, 311, 1, 2000000000),
    (263, 309, 311, 1, 2000000000),
    (263, 312, 311, 1, 2000000000),
    (263, 312, 491, 1, 2000000000),
    (263, 313, 431, 1, 1000000000),
    (263, 315, 271, 1, 1000000000),
    (263, 316, 353, 3, 1000000000),
    (263, 317, 443, 1, 1000000000),
    (263, 317, 491, 1, 2000000000),
    (263, 322, 227, 1, 2000000000),
    (263, 322, 431, 1, 1000000000),
    (263, 322, 491, 1, 1000000000),
    (263, 324, 479, 1, 2000000000),
    (263, 328, 491, 1, 1000000000),
    (263, 329, 311, 1, 2000000000),
    (263, 332, 227, 1, 2000000000),
    (263, 332, 499, 1, 2000000000),
    (263, 335, 311, 1, 2000000000),
    (263, 337, 353, 3, 1000000000),
    (263, 337, 491, 1, 2000000000),
    (263, 339, 491, 1, 1000000000),
    (263, 341, 353, 3, 1000000000),
    (263, 341, 383, 1, 2000000000),
    (263, 345, 227, 1, 2000000000),
    (263, 346, 227, 1, 2000000000),
    (263, 346, 479, 1, 2000000000),
    (263, 357, 167, 1, 1000000000),
    (263, 359, 311, 1, 2000000000),
    (263, 367, 59, 1, 2000000000),
    (263, 367, 431, 1, 1000000000),
    (263, 370, 433, 1, 1000000000),
    (263, 370, 491, 1, 1000000000),
    (263, 374, 311, 1, 2000000000),
    (263, 374, 317, 2, 1000000000),
    (263, 380, 317, 1, 2000000000),
    (263, 380, 433, 1, 1000000000),
    (263, 383, 491, 1, 2000000000),
    (263, 389, 379, 1, 1000000000),
    (263, 389, 433, 1, 1000000000),
    (263, 391, 227, 1, 2000000000),
    (263, 391, 353, 1, 1000000000),
    (263, 395, 311, 1, 2000000000),
    (263, 395, 431, 1, 1000000000),
    (263, 399, 311, 1, 2000000000),
    (263, 399, 367, 1, 2000000000),
    (263, 400, 311, 1, 2000000000),
    (263, 401, 359, 1, 2000000000),
    (263, 406, 223, 1, 1000000000),
    (263, 406, 227, 1, 2000000000),
    (263, 408, 431, 1, 1000000000),
    (263, 412, 311, 1, 2000000000),
    (263, 414, 311, 1, 2000000000),
    (263, 419, 311, 1, 2000000000),
    (263, 419, 431, 1, 1000000000),
    (263, 420, 227, 1, 2000000000),
    (263, 420, 311, 1, 2000000000),
    (263, 421, 227, 1, 2000000000),
    (263, 421, 431, 1, 1000000000),
    (263, 421, 491, 1, 2000000000),
    (263, 423, 431, 1, 1000000000),
    (263, 423, 433, 1, 1000000000),
    (263, 426, 491, 1, 2000000000),
    (263, 429, 311, 1, 2000000000),
    (263, 429, 433, 1, 1000000000),
    (263, 431, 389, 2, 1000000000),
    (263, 432, 311, 1, 2000000000),
    (263, 444, 439, 1, 1000000000),
    (263, 445, 353, 1, 1000000000),
    (263, 448, 353, 3, 1000000000),
    (263, 453, 227, 1, 2000000000),
    (263, 458, 389, 2, 1000000000),
    (263, 459, 311, 1, 2000000000),
    (263, 459, 317, 1, 1000000000),
    (263, 472, 389, 1, 1000000000),
    (263, 476, 353, 3, 1000000000),
    (263, 476, 491, 1, 2000000000),
    (263, 478, 491, 1, 2000000000),
    (263, 486, 311, 1, 2000000000),
    (263, 486, 433, 1, 1000000000),
    (263, 487, 431, 1, 1000000000),
    (263, 498, 311, 1, 2000000000),
    (263, 498, 491, 1, 2000000000),
    (269, 2, 271, 1, 1000000000),
    (269, 2, 383, 1, 1000000000),
    (269, 3, 271, 1, 1000000000),
    (269, 5, 311, 1, 2000000000),
    (269, 5, 467, 1, 1000000000),
    (269, 21, 359, 1, 1000000000),
    (269, 23, 47, 1, 1000000000),
    (269, 24, 293, 3, 1000000000),
    (269, 24, 311, 1, 2000000000),
    (269, 26, 311, 1, 2000000000),
    (269, 34, 271, 1, 1000000000),
    (269, 34, 467, 1, 1000000000),
    (269, 36, 311, 1, 1000000000),
    (269, 42, 311, 1, 2000000000),
    (269, 43, 311, 1, 2000000000),
    (269, 45, 311, 1, 2000000000),
    (269, 48, 317, 1, 1000000000),
    (269, 49, 179, 1, 2000000000),
    (269, 49, 311, 1, 1000000000),
    (269, 51, 311, 1, 2000000000),
    (269, 52, 271, 1, 1000000000),
    (269, 58, 311, 1, 2000000000),
    (269, 58, 383, 1, 1000000000),
    (269, 64, 311, 1, 2000000000),
    (269, 65, 311, 1, 2000000000),
    (269, 65, 467, 1, 1000000000),
    (269, 68, 337, 1, 1000000000),
    (269, 69, 311, 1, 1000000000),
    (269, 72, 383, 5, 1000000000),
    (269, 73, 359, 1, 1000000000),
    (269, 81, 311, 1, 2000000000),
    (269, 81, 467, 1, 1000000000),
    (269, 82, 311, 1, 1000000000),
    (269, 84, 353, 1, 1000000000),
    (269, 84, 467, 1, 1000000000),
    (269, 85, 311, 1, 2000000000),
    (269, 88, 443, 1, 1000000000),
    (269, 90, 167, 1, 1000000000),
    (269, 90, 359, 1, 1000000000),
    (269, 91, 383, 1, 1000000000),
    (269, 92, 19, 1, 1000000000),
    (269, 92, 467, 1, 1000000000),
    (269, 94, 311, 1, 1000000000),
    (269, 98, 311, 1, 1000000000),
    (269, 98, 367, 1, 1000000000),
    (269, 99, 179, 1, 1000000000),
    (269, 99, 467, 1, 1000000000),
    (269, 103, 311, 1, 2000000000),
    (269, 103, 367, 1, 1000000000),
    (269, 104, 373, 1, 1000000000),
    (269, 109, 311, 1, 2000000000),
    (269, 109, 367, 1, 1000000000),
    (269, 114, 383, 1, 1000000000),
    (269, 118, 179, 1, 2000000000),
    (269, 118, 467, 1, 1000000000),
    (269, 119, 367, 1, 1000000000),
    (269, 121, 227, 1, 1000000000),
    (269, 121, 293, 2, 1000000000),
    (269, 122, 311, 1, 2000000000),
    (269, 123, 311, 1, 2000000000),
    (269, 129, 179, 1, 1000000000),
    (269, 132, 311, 1, 2000000000),
    (269, 132, 443, 1, 1000000000),
    (269, 140, 311, 1, 1000000000),
    (269, 140, 409, 1, 1000000000),
    (269, 141, 311, 1, 1000000000),
    (269, 144, 359, 1, 1000000000),
    (269, 146, 311, 1, 2000000000),
    (269, 148, 367, 1, 2000000000),
    (269, 150, 311, 1, 2000000000),
    (269, 151, 311, 1, 1000000000),
    (269, 154, 311, 1, 2000000000),
    (269, 155, 311, 1, 2000000000),
    (269, 157, 271, 1, 1000000000),
    (269, 158, 479, 1, 2000000000),
    (269, 159, 367, 1, 2000000000),
    (269, 161, 383, 3, 1000000000),
    (269, 161, 467, 1, 1000000000),
    (269, 162, 311, 1, 1000000000),
    (269, 164, 311, 1, 2000000000),
    (269, 165, 311, 1, 2000000000),
    (269, 167, 311, 1, 2000000000),
    (269, 169, 311, 1, 2000000000),
    (269, 169, 359, 1, 1000000000),
    (269, 175, 311, 1, 1000000000),
    (269, 176, 311, 1, 2000000000),
    (269, 177, 359, 1, 1000000000),
    (269, 180, 271, 1, 1000000000),
    (269, 180, 449, 1, 1000000000),
    (269, 186, 383, 1, 1000000000),
    (269, 188, 457, 1, 1000000000),
    (269, 190, 311, 1, 2000000000),
    (269, 194, 463, 1, 1000000000),
    (269, 197, 271, 1, 1000000000),
    (269, 207, 311, 1, 2000000000),
    (269, 210, 479, 1, 2000000000),
    (269, 215, 367, 1, 1000000000),
    (269, 217, 311, 1, 2000000000),
    (269, 223, 367, 1, 1000000000),
    (269, 226, 179, 1, 2000000000),
    (269, 227, 311, 1, 2000000000),
    (269, 231, 311, 1, 2000000000),
    (269, 233, 359, 1, 1000000000),
    (269, 237, 271, 1, 1000000000),
    (269, 241, 271, 1, 1000000000),
    (269, 243, 499, 1, 2000000000),
    (269, 245, 367, 3, 1000000000),
    (269, 253, 311, 1, 1000000000),
    (269, 255, 311, 1, 2000000000),
    (269, 258, 383, 1, 1000000000),
    (269, 258, 467, 1, 1000000000),
    (269, 260, 383, 1, 2000000000),
    (269, 262, 271, 1, 1000000000),
    (269, 262, 311, 1, 2000000000),
    (269, 263, 311, 1, 2000000000),
    (269, 267, 383, 1, 1000000000),
    (269, 270, 311, 1, 2000000000),
    (269, 273, 311, 1, 2000000000),
    (269, 276, 383, 3, 1000000000),
    (269, 276, 467, 1, 1000000000),
    (269, 283, 307, 3, 1000000000),
    (269, 283, 359, 1, 1000000000),
    (269, 284, 227, 1, 1000000000),
    (269, 284, 311, 1, 2000000000),
    (269, 287, 311, 1, 2000000000),
    (269, 291, 311, 1, 2000000000),
    (269, 292, 179, 1, 1000000000),
    (269, 292, 311, 1, 2000000000),
    (269, 294, 367, 1, 2000000000),
    (269, 297, 443, 1, 1000000000),
    (269, 298, 311, 1, 2000000000),
    (269, 299, 311, 1, 1000000000),
    (269, 299, 467, 1, 1000000000),
    (269, 303, 311, 1, 2000000000),
    (269, 303, 467, 1, 1000000000),
    (269, 320, 311, 1, 2000000000),
    (269, 323, 263, 1, 2000000000),
    (269, 326, 47, 1, 1000000000),
    (269, 328, 311, 1, 2000000000),
    (269, 329, 311, 1, 2000000000),
    (269, 332, 311, 1, 2000000000),
    (269, 332, 443, 1, 1000000000),
    (269, 336, 367, 1, 2000000000),
    (269, 339, 179, 1, 1000000000),
    (269, 339, 311, 1, 2000000000),
    (269, 341, 443, 1, 1000000000),
    (269, 347, 367, 1, 2000000000),
    (269, 349, 271, 1, 1000000000),
    (269, 349, 467, 1, 1000000000),
    (269, 351, 311, 1, 2000000000),
    (269, 355, 311, 1, 2000000000),
    (269, 359, 311, 1, 2000000000),
    (269, 359, 367, 1, 2000000000),
    (269, 359, 467, 1, 1000000000),
    (269, 363, 311, 1, 2000000000),
    (269, 365, 311, 1, 2000000000),
    (269, 372, 373, 1, 1000000000),
    (269, 376, 311, 1, 1000000000),
    (269, 378, 383, 3, 1000000000),
    (269, 385, 311, 1, 1000000000),
    (269, 387, 47, 1, 1000000000),
    (269, 389, 271, 1, 1000000000),
    (269, 389, 467, 1, 1000000000),
    (269, 392, 311, 1, 1000000000),
    (269, 393, 311, 1, 2000000000),
    (269, 393, 367, 1, 2000000000),
    (269, 396, 397, 1, 2000000000),
    (269, 396, 401, 1, 1000000000),
    (269, 396, 467, 1, 1000000000),
    (269, 400, 367, 1, 2000000000),
    (269, 401, 311, 1, 2000000000),
    (269, 402, 367, 1, 2000000000),
    (269, 402, 443, 1, 1000000000),
    (269, 404, 311, 1, 2000000000),
    (269, 407, 383, 1, 1000000000),
    (269, 407, 467, 1, 1000000000),
    (269, 408, 443, 1, 1000000000),
    (269, 415, 311, 1, 2000000000),
    (269, 421, 311, 1, 2000000000),
    (269, 424, 271, 1, 1000000000),
    (269, 426, 311, 1, 2000000000),
    (269, 431, 227, 1, 1000000000),
    (269, 435, 271, 1, 1000000000),
    (269, 435, 491, 1, 1000000000),
    (269, 438, 311, 1, 1000000000),
    (269, 444, 311, 1, 2000000000),
    (269, 445, 439, 1, 2000000000),
    (269, 446, 271, 1, 1000000000),
    (269, 461, 179, 5, 1000000000),
    (269, 461, 311, 1, 2000000000),
    (269, 464, 271, 1, 1000000000),
    (269, 469, 179, 1, 2000000000),
    (269, 469, 467, 1, 1000000000),
    (269, 471, 479, 1, 2000000000),
    (269, 477, 367, 1, 2000000000),
    (269, 479, 311, 1, 1000000000),
    (269, 482, 367, 1, 2000000000),
    (269, 483, 47, 1, 1000000000),
    (269, 485, 311, 1, 2000000000),
    (269, 487, 367, 1, 2000000000),
    (269, 488, 467, 1, 1000000000),
    (269, 494, 271, 1, 1000000000),
    (271, 22, 311, 1, 2000000000),
    (271, 101, 269, 1, 1000000000),
    (271, 122, 269, 1, 1000000000),
    (271, 142, 269, 1, 1000000000),
    (271, 158, 269, 1, 1000000000),
    (271, 163, 491, 1, 1000000000),
    (271, 240, 269, 1, 1000000000),
    (271, 251, 269, 1, 1000000000),
    (271, 287, 269, 1, 2000000000),
    (271, 399, 269, 1, 1000000000),
    (271, 445, 269, 1, 1000000000),
    (271, 460, 269, 1, 1000000000),
    (277, 190, 467, 1, 1000000000),
    (277, 225, 263, 1, 2000000000),
    (281, 68, 167, 1, 1000000000),
    (283, 28, 311, 1, 1000000000),
    (283, 106, 389, 1, 1000000000),
    (283, 150, 433, 1, 1000000000),
    (283, 216, 499, 1, 1000000000),
    (293, 24, 317, 7, 1000000000),
    (293, 38, 331, 2, 1000000000),
    (293, 56, 349, 2, 1000000000),
    (293, 60, 353, 1, 1000000000),
    (293, 149, 269, 3, 1000000000),
    (293, 150, 443, 1, 1000000000),
    (293, 185, 227, 1, 2000000000),
    (293, 186, 479, 1, 1000000000),
    (293, 329, 479, 1, 1000000000),
    (307, 40, 347, 1, 1000000000),
    (307, 216, 269, 3, 1000000000),
    (307, 421, 269, 1, 2000000000),
    (311, 1, 353, 1, 1000000000),
    (311, 1, 431, 1, 1000000000),
    (311, 1, 467, 1, 1000000000),
    (311, 2, 313, 1, 1000000000),
    (311, 2, 383, 1, 1000000000),
    (311, 2, 431, 1, 1000000000),
    (311, 2, 443, 1, 1000000000),
    (311, 2, 467, 1, 1000000000),
    (311, 3, 269, 1, 2000000000),
    (311, 3, 383, 1, 1000000000),
    (311, 3, 439, 1, 1000000000),
    (311, 6, 269, 1, 1000000000),
    (311, 6, 383, 1, 1000000000),
    (311, 7, 383, 1, 1000000000),
    (311, 8, 367, 1, 1000000000),
    (311, 8, 439, 1, 1000000000),
    (311, 8, 443, 1, 1000000000),
    (311, 8, 467, 1, 1000000000),
    (311, 9, 431, 1, 1000000000),
    (311, 10, 263, 1, 2000000000),
    (311, 10, 431, 1, 1000000000),
    (311, 10, 467, 1, 1000000000),
    (311, 11, 443, 1, 1000000000),
    (311, 12, 269, 1, 2000000000),
    (311, 12, 439, 1, 1000000000),
    (311, 13, 227, 1, 1000000000),
    (311, 13, 383, 1, 1000000000),
    (311, 14, 439, 1, 1000000000),
    (311, 16, 383, 1, 1000000000),
    (311, 16, 439, 1, 1000000000),
    (311, 16, 467, 1, 1000000000),
    (311, 18, 269, 1, 2000000000),
    (311, 18, 383, 1, 1000000000),
    (311, 19, 443, 1, 1000000000),
    (311, 20, 383, 1, 1000000000),
    (311, 20, 467, 1, 1000000000),
    (311, 21, 383, 1, 1000000000),
    (311, 21, 439, 1, 1000000000),
    (311, 24, 383, 1, 1000000000),
    (311, 24, 439, 1, 1000000000),
    (311, 25, 383, 1, 1000000000),
    (311, 26, 337, 1, 1000000000),
    (311, 26, 383, 1, 1000000000),
    (311, 27, 383, 1, 1000000000),
    (311, 28, 269, 1, 1000000000),
    (311, 28, 383, 1, 1000000000),
    (311, 28, 443, 1, 1000000000),
    (311, 28, 491, 1, 1000000000),
    (311, 30, 263, 1, 2000000000),
    (311, 30, 383, 1, 1000000000),
    (311, 30, 467, 1, 1000000000),
    (311, 32, 383, 1, 1000000000),
    (311, 32, 439, 1, 1000000000),
    (311, 36, 269, 1, 2000000000),
    (311, 36, 383, 1, 1000000000),
    (311, 36, 439, 1, 1000000000),
    (311, 38, 263, 1, 2000000000),
    (311, 38, 349, 1, 1000000000),
    (311, 39, 431, 1, 1000000000),
    (311, 40, 383, 1, 1000000000),
    (311, 40, 467, 1, 1000000000),
    (311, 41, 263, 1, 2000000000),
    (311, 42, 353, 1, 1000000000),
    (311, 42, 383, 1, 1000000000),
    (311, 42, 431, 1, 1000000000),
    (311, 42, 439, 1, 1000000000),
    (311, 45, 383, 1, 1000000000),
    (311, 47, 269, 1, 2000000000),
    (311, 47, 383, 1, 1000000000),
    (311, 48, 359, 1, 1000000000),
    (311, 48, 431, 1, 1000000000),
    (311, 48, 439, 1, 1000000000),
    (311, 49, 269, 1, 2000000000),
    (311, 49, 383, 1, 1000000000),
    (311, 49, 439, 1, 1000000000),
    (311, 50, 383, 1, 1000000000),
    (311, 50, 443, 1, 1000000000),
    (311, 52, 383, 1, 1000000000),
    (311, 52, 389, 1, 1000000000),
    (311, 53, 269, 1, 2000000000),
    (311, 53, 383, 1, 1000000000),
    (311, 54, 269, 1, 2000000000),
    (311, 54, 383, 1, 1000000000),
    (311, 54, 431, 1, 1000000000),
    (311, 54, 439, 1, 1000000000),
    (311, 54, 491, 1, 1000000000),
    (311, 55, 263, 1, 2000000000),
    (311, 56, 269, 1, 2000000000),
    (311, 56, 367, 1, 1000000000),
    (311, 56, 383, 1, 1000000000),
    (311, 56, 431, 1, 1000000000),
    (311, 56, 439, 1, 2000000000),
    (311, 58, 59, 1, 1000000000),
    (311, 58, 227, 1, 1000000000),
    (311, 58, 269, 4, 1000000000),
    (311, 59, 263, 1, 2000000000),
    (311, 60, 227, 1, 1000000000),
    (311, 60, 263, 1, 2000000000),
    (311, 60, 383, 1, 1000000000),
    (311, 63, 383, 1, 1000000000),
    (311, 64, 389, 1, 1000000000),
    (311, 64, 467, 1, 1000000000),
    (311, 65, 269, 1, 1000000000),
    (311, 65, 383, 1, 1000000000),
    (311, 69, 443, 1, 1000000000),
    (311, 70, 383, 1, 1000000000),
    (311, 70, 443, 1, 1000000000),
    (311, 72, 367, 1, 1000000000),
    (311, 72, 383, 1, 1000000000),
    (311, 72, 439, 1, 1000000000),
    (311, 72, 443, 1, 1000000000),
    (311, 73, 439, 1, 1000000000),
    (311, 73, 467, 1, 1000000000),
    (311, 73, 491, 1, 1000000000),
    (311, 75, 383, 1, 1000000000),
    (311, 76, 443, 1, 1000000000),
    (311, 78, 383, 1, 1000000000),
    (311, 78, 431, 1, 1000000000),
    (311, 79, 383, 1, 1000000000),
    (311, 80, 227, 1, 1000000000),
    (311, 80, 383, 1, 1000000000),
    (311, 81, 383, 1, 1000000000),
    (311, 81, 389, 1, 1000000000),
    (311, 81, 439, 1, 1000000000),
    (311, 81, 491, 1, 1000000000),
    (311, 82, 263, 1, 2000000000),
    (311, 83, 383, 1, 1000000000),
    (311, 83, 431, 1, 1000000000),
    (311, 83, 443, 1, 1000000000),
    (311, 84, 383, 1, 1000000000),
    (311, 84, 439, 1, 1000000000),
    (311, 85, 443, 1, 1000000000),
    (311, 86, 421, 1, 1000000000),
    (311, 87, 269, 1, 2000000000),
    (311, 87, 443, 1, 1000000000),
    (311, 88, 269, 1, 2000000000),
    (311, 90, 383, 1, 1000000000),
    (311, 90, 401, 3, 1000000000),
    (311, 90, 431, 1, 1000000000),
    (311, 91, 263, 1, 2000000000),
    (311, 91, 269, 1, 2000000000),
    (311, 91, 383, 1, 1000000000),
    (311, 91, 467, 1, 1000000000),
    (311, 92, 31, 1, 1000000000),
    (311, 94, 263, 1, 2000000000),
    (311, 94, 383, 1, 1000000000),
    (311, 94, 443, 1, 1000000000),
    (311, 95, 269, 1, 2000000000),
    (311, 96, 373, 1, 1000000000),
    (311, 96, 383, 1, 1000000000),
    (311, 96, 439, 1, 1000000000),
    (311, 96, 443, 1, 1000000000),
    (311, 97, 263, 1, 2000000000),
    (311, 97, 443, 1, 1000000000),
    (311, 98, 383, 1, 1000000000),
    (311, 98, 409, 1, 1000000000),
    (311, 98, 431, 1, 1000000000),
    (311, 98, 439, 1, 1000000000),
    (311, 98, 491, 1, 1000000000),
    (311, 99, 443, 1, 1000000000),
    (311, 102, 269, 1, 2000000000),
    (311, 102, 433, 1, 1000000000),
    (311, 104, 383, 1, 1000000000),
    (311, 104, 467, 1, 1000000000),
    (311, 105, 383, 1, 1000000000),
    (311, 105, 467, 1, 1000000000),
    (311, 106, 263, 1, 2000000000),
    (311, 106, 383, 1, 1000000000),
    (311, 106, 389, 1, 1000000000),
    (311, 106, 467, 1, 1000000000),
    (311, 107, 263, 1, 2000000000),
    (311, 107, 383, 1, 1000000000),
    (311, 108, 419, 2, 1000000000),
    (311, 108, 431, 1, 1000000000),
    (311, 108, 439, 1, 1000000000),
    (311, 109, 179, 1, 1000000000),
    (311, 109, 383, 1, 1000000000),
    (311, 109, 439, 1, 1000000000),
    (311, 110, 421, 1, 1000000000),
    (311, 112, 439, 1, 1000000000),
    (311, 112, 443, 1, 1000000000),
    (311, 114, 227, 1, 1000000000),
    (311, 114, 263, 1, 2000000000),
    (311, 114, 269, 1, 2000000000),
    (311, 117, 383, 1, 1000000000),
    (311, 117, 431, 1, 1000000000),
    (311, 118, 443, 1, 1000000000),
    (311, 120, 383, 1, 1000000000),
    (311, 120, 389, 1, 1000000000),
    (311, 120, 431, 1, 1000000000),
    (311, 121, 383, 1, 1000000000),
    (311, 122, 433, 1, 1000000000),
    (311, 122, 443, 1, 1000000000),
    (311, 123, 263, 1, 2000000000),
    (311, 125, 367, 1, 1000000000),
    (311, 125, 383, 1, 1000000000),
    (311, 125, 439, 1, 1000000000),
    (311, 125, 443, 1, 1000000000),
    (311, 126, 269, 1, 2000000000),
    (311, 126, 383, 1, 1000000000),
    (311, 126, 463, 1, 1000000000),
    (311, 127, 263, 1, 2000000000),
    (311, 127, 269, 1, 2000000000),
    (311, 127, 383, 1, 1000000000),
    (311, 127, 443, 1, 1000000000),
    (311, 128, 383, 1, 1000000000),
    (311, 128, 431, 1, 1000000000),
    (311, 128, 439, 1, 1000000000),
    (311, 128, 467, 1, 1000000000),
    (311, 129, 443, 1, 1000000000),
    (311, 130, 263, 1, 2000000000),
    (311, 130, 383, 1, 1000000000),
    (311, 130, 431, 1, 1000000000),
    (311, 130, 439, 1, 1000000000),
    (311, 132, 443, 1, 1000000000),
    (311, 134, 383, 1, 1000000000),
    (311, 134, 443, 1, 1000000000),
    (311, 134, 491, 1, 1000000000),
    (311, 135, 367, 1, 1000000000),
    (311, 135, 431, 1, 1000000000),
    (311, 135, 443, 1, 1000000000),
    (311, 136, 433, 1, 1000000000),
    (311, 137, 431, 1, 1000000000),
    (311, 137, 467, 1, 1000000000),
    (311, 138, 449, 3, 1000000000),
    (311, 140, 383, 1, 1000000000),
    (311, 140, 431, 1, 1000000000),
    (311, 141, 383, 1, 1000000000),
    (311, 141, 439, 1, 1000000000),
    (311, 142, 293, 5, 1000000000),
    (311, 142, 443, 1, 1000000000),
    (311, 144, 383, 1, 1000000000),
    (311, 144, 439, 1, 1000000000),
    (311, 145, 269, 1, 2000000000),
    (311, 146, 53, 1, 1000000000),
    (311, 146, 263, 1, 2000000000),
    (311, 146, 383, 1, 1000000000),
    (311, 146, 431, 1, 1000000000),
    (311, 146, 457, 1, 1000000000),
    (311, 150, 383, 1, 1000000000),
    (311, 150, 443, 1, 1000000000),
    (311, 150, 461, 1, 1000000000),
    (311, 152, 263, 1, 2000000000),
    (311, 152, 269, 1, 1000000000),
    (311, 152, 463, 1, 1000000000),
    (311, 154, 443, 1, 1000000000),
    (311, 156, 269, 1, 1000000000),
    (311, 156, 383, 1, 1000000000),
    (311, 156, 467, 1, 1000000000),
    (311, 157, 383, 1, 1000000000),
    (311, 157, 443, 1, 1000000000),
    (311, 157, 491, 1, 1000000000),
    (311, 158, 383, 1, 1000000000),
    (311, 158, 431, 1, 1000000000),
    (311, 159, 269, 1, 1000000000),
    (311, 159, 383, 1, 1000000000),
    (311, 159, 443, 1, 1000000000),
    (311, 160, 383, 1, 1000000000),
    (311, 161, 269, 1, 2000000000),
    (311, 162, 383, 1, 1000000000),
    (311, 162, 431, 1, 1000000000),
    (311, 162, 443, 1, 1000000000),
    (311, 163, 383, 1, 1000000000),
    (311, 166, 269, 1, 2000000000),
    (311, 166, 383, 1, 1000000000),
    (311, 166, 467, 1, 1000000000),
    (311, 168, 383, 1, 1000000000),
    (311, 168, 389, 1, 1000000000),
    (311, 169, 269, 1, 1000000000),
    (311, 169, 383, 1, 1000000000),
    (311, 172, 443, 1, 1000000000),
    (311, 175, 383, 1, 1000000000),
    (311, 176, 443, 1, 1000000000),
    (311, 176, 487, 1, 1000000000),
    (311, 178, 383, 1, 1000000000),
    (311, 178, 491, 1, 1000000000),
    (311, 179, 383, 1, 1000000000),
    (311, 179, 431, 1, 1000000000),
    (311, 179, 443, 1, 1000000000),
    (311, 180, 227, 1, 1000000000),
    (311, 180, 383, 1, 1000000000),
    (311, 180, 443, 1, 1000000000),
    (311, 180, 491, 1, 1000000000),
    (311, 182, 431, 1, 1000000000),
    (311, 187, 383, 1, 1000000000),
    (311, 187, 389, 1, 1000000000),
    (311, 187, 439, 1, 1000000000),
    (311, 187, 443, 1, 1000000000),
    (311, 187, 467, 1, 1000000000),
    (311, 188, 383, 1, 1000000000),
    (311, 188, 431, 1, 1000000000),
    (311, 188, 499, 1, 1000000000),
    (311, 189, 383, 1, 1000000000),
    (311, 189, 431, 1, 1000000000),
    (311, 189, 439, 1, 1000000000),
    (311, 190, 269, 1, 1000000000),
    (311, 191, 263, 1, 2000000000),
    (311, 192, 431, 1, 1000000000),
    (311, 192, 439, 1, 1000000000),
    (311, 193, 227, 1, 1000000000),
    (311, 193, 269, 1, 2000000000),
    (311, 193, 383, 1, 1000000000),
    (311, 193, 431, 1, 1000000000),
    (311, 194, 269, 1, 2000000000),
    (311, 195, 269, 1, 2000000000),
    (311, 195, 383, 1, 1000000000),
    (311, 196, 431, 1, 1000000000),
    (311, 197, 383, 1, 1000000000),
    (311, 197, 431, 1, 1000000000),
    (311, 199, 269, 1, 1000000000),
    (311, 200, 359, 1, 1000000000),
    (311, 200, 431, 1, 1000000000),
    (311, 200, 443, 1, 1000000000),
    (311, 201, 263, 1, 2000000000),
    (311, 201, 269, 1, 2000000000),
    (311, 201, 383, 1, 1000000000),
    (311, 201, 467, 1, 1000000000),
    (311, 201, 491, 1, 1000000000),
    (311, 202, 269, 1, 1000000000),
    (311, 204, 227, 1, 1000000000),
    (311, 207, 167, 1, 1000000000),
    (311, 208, 227, 1, 1000000000),
    (311, 208, 383, 1, 1000000000),
    (311, 209, 383, 1, 1000000000),
    (311, 210, 269, 1, 2000000000),
    (311, 210, 431, 1, 1000000000),
    (311, 210, 467, 1, 1000000000),
    (311, 212, 269, 1, 2000000000),
    (311, 212, 383, 1, 1000000000),
    (311, 214, 263, 1, 2000000000),
    (311, 214, 383, 1, 1000000000),
    (311, 216, 367, 1, 1000000000),
    (311, 216, 383, 1, 1000000000),
    (311, 216, 431, 1, 1000000000),
    (311, 216, 439, 1, 1000000000),
    (311, 216, 443, 1, 1000000000),
    (311, 217, 263, 1, 2000000000),
    (311, 218, 383, 1, 1000000000),
    (311, 218, 431, 1, 1000000000),
    (311, 218, 443, 1, 1000000000),
    (311, 219, 431, 1, 1000000000),
    (311, 219, 439, 1, 1000000000),
    (311, 222, 443, 1, 1000000000),
    (311, 223, 383, 1, 1000000000),
    (311, 223, 431, 1, 1000000000),
    (311, 223, 443, 1, 1000000000),
    (311, 223, 491, 1, 1000000000),
    (311, 224, 263, 1, 2000000000),
    (311, 224, 383, 1, 1000000000),
    (311, 225, 383, 1, 1000000000),
    (311, 225, 467, 1, 1000000000),
    (311, 228, 269, 1, 1000000000),
    (311, 229, 383, 1, 1000000000),
    (311, 230, 263, 1, 2000000000),
    (311, 230, 443, 1, 1000000000),
    (311, 232, 263, 1, 2000000000),
    (311, 232, 269, 1, 2000000000),
    (311, 234, 383, 1, 1000000000),
    (311, 234, 443, 1, 1000000000),
    (311, 235, 431, 1, 1000000000),
    (311, 237, 383, 1, 1000000000),
    (311, 237, 431, 1, 1000000000),
    (311, 238, 263, 1, 2000000000),
    (311, 239, 373, 1, 1000000000),
    (311, 239, 443, 1, 1000000000),
    (311, 240, 227, 1, 1000000000),
    (311, 240, 263, 1, 2000000000),
    (311, 240, 383, 1, 1000000000),
    (311, 242, 383, 1, 1000000000),
    (311, 242, 443, 1, 1000000000),
    (311, 243, 383, 1, 1000000000),
    (311, 243, 479, 1, 1000000000),
    (311, 245, 389, 1, 1000000000),
    (311, 245, 431, 1, 1000000000),
    (311, 246, 263, 1, 2000000000),
    (311, 247, 421, 1, 1000000000),
    (311, 249, 383, 1, 1000000000),
    (311, 250, 383, 1, 1000000000),
    (311, 250, 431, 1, 1000000000),
    (311, 251, 443, 1, 1000000000),
    (311, 252, 383, 1, 1000000000),
    (311, 252, 439, 1, 1000000000),
    (311, 252, 467, 1, 1000000000),
    (311, 253, 269, 1, 2000000000),
    (311, 253, 431, 1, 1000000000),
    (311, 254, 263, 1, 2000000000),
    (311, 254, 269, 1, 1000000000),
    (311, 254, 383, 1, 1000000000),
    (311, 259, 263, 1, 2000000000),
    (311, 260, 383, 1, 1000000000),
    (311, 260, 439, 1, 1000000000),
    (311, 263, 349, 1, 1000000000),
    (311, 265, 383, 1, 1000000000),
    (311, 265, 431, 1, 1000000000),
    (311, 265, 467, 1, 1000000000),
    (311, 265, 491, 1, 1000000000),
    (311, 267, 383, 1, 1000000000),
    (311, 267, 389, 1, 1000000000),
    (311, 267, 431, 1, 1000000000),
    (311, 268, 383, 1, 1000000000),
    (311, 268, 431, 1, 1000000000),
    (311, 268, 491, 1, 1000000000),
    (311, 269, 443, 1, 1000000000),
    (311, 272, 421, 1, 1000000000),
    (311, 273, 269, 1, 2000000000),
    (311, 273, 383, 1, 1000000000),
    (311, 273, 431, 1, 1000000000),
    (311, 273, 443, 1, 1000000000),
    (311, 274, 439, 1, 1000000000),
    (311, 274, 443, 1, 1000000000),
    (311, 276, 443, 1, 1000000000),
    (311, 277, 263, 1, 2000000000),
    (311, 277, 383, 1, 1000000000),
    (311, 277, 439, 1, 1000000000),
    (311, 277, 443, 1, 1000000000),
    (311, 278, 269, 1, 2000000000),
    (311, 278, 383, 1, 1000000000),
    (311, 278, 443, 1, 1000000000),
    (311, 279, 269, 1, 2000000000),
    (311, 280, 383, 1, 1000000000),
    (311, 280, 443, 1, 1000000000),
    (311, 280, 467, 1, 1000000000),
    (311, 280, 491, 1, 1000000000),
    (311, 282, 383, 1, 1000000000),
    (311, 282, 431, 1, 1000000000),
    (311, 284, 263, 1, 2000000000),
    (311, 285, 269, 1, 2000000000),
    (311, 287, 443, 1, 1000000000),
    (311, 288, 383, 1, 1000000000),
    (311, 288, 443, 1, 1000000000),
    (311, 291, 443, 1, 1000000000),
    (311, 292, 269, 1, 2000000000),
    (311, 292, 439, 1, 1000000000),
    (311, 292, 443, 1, 1000000000),
    (311, 297, 269, 1, 2000000000),
    (311, 300, 431, 1, 1000000000),
    (311, 302, 269, 1, 1000000000),
    (311, 302, 283, 1, 1000000000),
    (311, 302, 487, 1, 1000000000),
    (311, 304, 263, 1, 2000000000),
    (311, 304, 269, 1, 2000000000),
    (311, 308, 263, 1, 2000000000),
    (311, 313, 227, 1, 1000000000),
    (311, 313, 269, 1, 2000000000),
    (311, 313, 383, 1, 1000000000),
    (311, 313, 389, 1, 1000000000),
    (311, 313, 439, 1, 1000000000),
    (311, 313, 443, 1, 1000000000),
    (311, 314, 383, 1, 1000000000),
    (311, 314, 439, 1, 1000000000),
    (311, 315, 431, 1, 1000000000),
    (311, 315, 467, 1, 1000000000),
    (311, 316, 263, 1, 2000000000),
    (311, 316, 383, 1, 1000000000),
    (311, 317, 383, 1, 1000000000),
    (311, 317, 431, 1, 1000000000),
    (311, 317, 439, 1, 1000000000),
    (311, 317, 467, 1, 1000000000),
    (311, 317, 491, 1, 1000000000),
    (311, 318, 383, 1, 1000000000),
    (311, 319, 383, 1, 1000000000),
    (311, 320, 269, 1, 1000000000),
    (311, 320, 383, 1, 1000000000),
    (311, 320, 467, 1, 1000000000),
    (311, 321, 263, 1, 2000000000),
    (311, 321, 367, 1, 1000000000),
    (311, 323, 383, 1, 1000000000),
    (311, 323, 431, 1, 1000000000),
    (311, 324, 269, 1, 2000000000),
    (311, 324, 383, 1, 1000000000),
    (311, 324, 439, 1, 1000000000),
    (311, 325, 383, 1, 1000000000),
    (311, 326, 383, 1, 1000000000),
    (311, 326, 431, 1, 1000000000),
    (311, 326, 443, 1, 1000000000),
    (311, 327, 383, 1, 1000000000),
    (311, 327, 389, 1, 1000000000),
    (311, 327, 431, 1, 1000000000),
    (311, 327, 439, 1, 1000000000),
    (311, 328, 263, 1, 2000000000),
    (311, 328, 269, 1, 1000000000),
    (311, 328, 443, 1, 1000000000),
    (311, 329, 383, 1, 1000000000),
    (311, 329, 439, 1, 1000000000),
    (311, 329, 443, 1, 1000000000),
    (311, 331, 383, 1, 1000000000),
    (311, 331, 431, 1, 1000000000),
    (311, 332, 269, 1, 1000000000),
    (311, 332, 383, 1, 1000000000),
    (311, 332, 443, 1, 1000000000),
    (311, 332, 491, 1, 1000000000),
    (311, 334, 269, 1, 2000000000),
    (311, 334, 443, 1, 1000000000),
    (311, 335, 269, 1, 2000000000),
    (311, 335, 383, 1, 1000000000),
    (311, 335, 431, 1, 1000000000),
    (311, 336, 383, 1, 1000000000),
    (311, 336, 439, 1, 1000000000),
    (311, 336, 443, 1, 1000000000),
    (311, 337, 269, 1, 1000000000),
    (311, 337, 383, 1, 1000000000),
    (311, 337, 431, 1, 1000000000),
    (311, 337, 443, 1, 1000000000),
    (311, 338, 367, 1, 1000000000),
    (311, 338, 383, 1, 1000000000),
    (311, 338, 443, 1, 1000000000),
    (311, 338, 491, 1, 1000000000),
    (311, 339, 263, 1, 2000000000),
    (311, 339, 383, 1, 1000000000),
    (311, 340, 269, 1, 2000000000),
    (311, 341, 383, 1, 1000000000),
    (311, 341, 467, 1, 1000000000),
    (311, 343, 367, 1, 1000000000),
    (311, 343, 383, 1, 1000000000),
    (311, 343, 431, 1, 1000000000),
    (311, 343, 439, 1, 1000000000),
    (311, 343, 491, 1, 1000000000),
    (311, 346, 383, 1, 1000000000),
    (311, 347, 383, 1, 1000000000),
    (311, 348, 263, 1, 2000000000),
    (311, 348, 443, 1, 1000000000),
    (311, 350, 269, 1, 1000000000),
    (311, 350, 383, 1, 1000000000),
    (311, 350, 401, 3, 1000000000),
    (311, 350, 431, 1, 1000000000),
    (311, 350, 491, 1, 1000000000),
    (311, 351, 269, 1, 1000000000),
    (311, 351, 383, 1, 1000000000),
    (311, 351, 491, 1, 1000000000),
    (311, 353, 269, 1, 1000000000),
    (311, 353, 383, 1, 1000000000),
    (311, 353, 467, 1, 1000000000),
    (311, 356, 269, 1, 2000000000),
    (311, 356, 383, 1, 1000000000),
    (311, 356, 467, 1, 1000000000),
    (311, 356, 491, 1, 1000000000),
    (311, 358, 439, 1, 1000000000),
    (311, 359, 269, 1, 2000000000),
    (311, 359, 389, 1, 1000000000),
    (311, 360, 263, 1, 2000000000),
    (311, 360, 383, 1, 1000000000),
    (311, 360, 431, 1, 1000000000),
    (311, 362, 443, 1, 1000000000),
    (311, 364, 367, 1, 1000000000),
    (311, 366, 131, 1, 1000000000),
    (311, 366, 269, 1, 2000000000),
    (311, 366, 443, 1, 1000000000),
    (311, 367, 269, 1, 2000000000),
    (311, 367, 383, 1, 1000000000),
    (311, 367, 431, 1, 1000000000),
    (311, 367, 491, 1, 1000000000),
    (311, 371, 31, 1, 1000000000),
    (311, 373, 269, 1, 1000000000),
    (311, 375, 359, 1, 1000000000),
    (311, 375, 383, 1, 1000000000),
    (311, 375, 443, 1, 1000000000),
    (311, 376, 367, 1, 1000000000),
    (311, 376, 383, 1, 1000000000),
    (311, 376, 439, 1, 1000000000),
    (311, 376, 443, 1, 1000000000),
    (311, 377, 227, 1, 1000000000),
    (311, 377, 263, 1, 2000000000),
    (311, 378, 431, 1, 1000000000),
    (311, 378, 467, 1, 1000000000),
    (311, 379, 227, 1, 1000000000),
    (311, 379, 263, 1, 2000000000),
    (311, 379, 443, 1, 1000000000),
    (311, 381, 383, 1, 1000000000),
    (311, 381, 443, 1, 1000000000),
    (311, 382, 443, 1, 1000000000),
    (311, 383, 431, 1, 1000000000),
    (311, 383, 439, 1, 1000000000),
    (311, 384, 383, 1, 1000000000),
    (311, 384, 389, 1, 1000000000),
    (311, 384, 431, 1, 1000000000),
    (311, 384, 443, 1, 1000000000),
    (311, 385, 269, 1, 2000000000),
    (311, 385, 443, 1, 1000000000),
    (311, 386, 269, 1, 2000000000),
    (311, 386, 467, 1, 1000000000),
    (311, 388, 269, 1, 2000000000),
    (311, 388, 443, 1, 1000000000),
    (311, 389, 263, 1, 2000000000),
    (311, 390, 263, 1, 2000000000),
    (311, 390, 383, 1, 1000000000),
    (311, 390, 389, 1, 1000000000),
    (311, 390, 431, 1, 1000000000),
    (311, 390, 439, 1, 1000000000),
    (311, 391, 367, 1, 1000000000),
    (311, 391, 383, 1, 1000000000),
    (311, 391, 439, 1, 1000000000),
    (311, 391, 443, 1, 1000000000),
    (311, 392, 383, 1, 1000000000),
    (311, 394, 383, 1, 1000000000),
    (311, 394, 443, 1, 1000000000),
    (311, 395, 269, 1, 2000000000),
    (311, 395, 353, 1, 1000000000),
    (311, 395, 431, 1, 1000000000),
    (311, 395, 443, 1, 1000000000),
    (311, 396, 269, 1, 2000000000),
    (311, 396, 443, 1, 1000000000),
    (311, 397, 443, 1, 1000000000),
    (311, 398, 263, 1, 2000000000),
    (311, 400, 383, 1, 1000000000),
    (311, 400, 401, 3, 1000000000),
    (311, 400, 431, 1, 1000000000),
    (311, 401, 443, 1, 1000000000),
    (311, 401, 467, 1, 1000000000),
    (311, 402, 367, 1, 1000000000),
    (311, 402, 383, 1, 1000000000),
    (311, 402, 443, 1, 1000000000),
    (311, 402, 479, 1, 1000000000),
    (311, 404, 443, 1, 1000000000),
    (311, 405, 443, 1, 1000000000),
    (311, 406, 443, 1, 1000000000),
    (311, 407, 491, 1, 1000000000),
    (311, 409, 383, 1, 1000000000),
    (311, 409, 389, 1, 1000000000),
    (311, 411, 383, 1, 1000000000),
    (311, 411, 467, 1, 1000000000),
    (311, 415, 263, 1, 2000000000),
    (311, 415, 269, 1, 1000000000),
    (311, 415, 383, 1, 1000000000),
    (311, 415, 439, 1, 1000000000),
    (311, 416, 269, 1, 1000000000),
    (311, 416, 383, 1, 1000000000),
    (311, 416, 443, 1, 1000000000),
    (311, 417, 383, 1, 1000000000),
    (311, 417, 431, 1, 1000000000),
    (311, 418, 383, 1, 1000000000),
    (311, 418, 419, 1, 1000000000),
    (311, 418, 439, 1, 1000000000),
    (311, 418, 467, 1, 1000000000),
    (311, 419, 383, 1, 1000000000),
    (311, 419, 431, 1, 1000000000),
    (311, 419, 467, 1, 1000000000),
    (311, 420, 383, 1, 1000000000),
    (311, 420, 431, 1, 1000000000),
    (311, 421, 227, 1, 1000000000),
    (311, 421, 443, 1, 1000000000),
    (311, 423, 383, 1, 1000000000),
    (311, 423, 439, 1, 1000000000),
    (311, 426, 263, 1, 2000000000),
    (311, 428, 359, 1, 1000000000),
    (311, 428, 383, 1, 1000000000),
    (311, 429, 443, 1, 1000000000),
    (311, 431, 383, 1, 1000000000),
    (311, 431, 439, 1, 1000000000),
    (311, 432, 383, 1, 1000000000),
    (311, 432, 433, 1, 1000000000),
    (311, 432, 439, 1, 1000000000),
    (311, 433, 31, 1, 1000000000),
    (311, 433, 263, 1, 2000000000),
    (311, 433, 443, 1, 1000000000),
    (311, 436, 431, 1, 1000000000),
    (311, 437, 383, 1, 1000000000),
    (311, 437, 431, 1, 1000000000),
    (311, 437, 439, 1, 1000000000),
    (311, 438, 431, 1, 1000000000),
    (311, 438, 439, 1, 1000000000),
    (311, 438, 467, 1, 1000000000),
    (311, 439, 383, 1, 1000000000),
    (311, 439, 443, 1, 1000000000),
    (311, 441, 383, 1, 1000000000),
    (311, 441, 467, 1, 1000000000),
    (311, 442, 443, 1, 1000000000),
    (311, 445, 383, 1, 1000000000),
    (311, 445, 439, 1, 1000000000),
    (311, 445, 443, 1, 1000000000),
    (311, 447, 463, 1, 1000000000),
    (311, 448, 383, 1, 1000000000),
    (311, 448, 389, 1, 1000000000),
    (311, 448, 439, 1, 1000000000),
    (311, 448, 449, 1, 1000000000),
    (311, 450, 383, 1, 1000000000),
    (311, 450, 431, 1, 1000000000),
    (311, 450, 443, 1, 1000000000),
    (311, 451, 383, 1, 1000000000),
    (311, 451, 443, 1, 1000000000),
    (311, 451, 467, 1, 1000000000),
    (311, 452, 263, 1, 2000000000),
    (311, 452, 269, 1, 2000000000),
    (311, 454, 443, 1, 1000000000),
    (311, 455, 383, 1, 1000000000),
    (311, 455, 491, 1, 1000000000),
    (311, 457, 263, 1, 2000000000),
    (311, 457, 383, 1, 1000000000),
    (311, 458, 263, 1, 2000000000),
    (311, 458, 383, 1, 1000000000),
    (311, 459, 269, 1, 2000000000),
    (311, 460, 269, 1, 2000000000),
    (311, 461, 269, 1, 2000000000),
    (311, 461, 383, 1, 1000000000),
    (311, 462, 263, 1, 2000000000),
    (311, 462, 443, 1, 1000000000),
    (311, 463, 443, 1, 1000000000),
    (311, 464, 31, 1, 1000000000),
    (311, 464, 263, 1, 2000000000),
    (311, 465, 269, 1, 2000000000),
    (311, 465, 433, 1, 1000000000),
    (311, 467, 383, 1, 1000000000),
    (311, 467, 439, 1, 1000000000),
    (311, 467, 443, 1, 1000000000),
    (311, 468, 383, 1, 1000000000),
    (311, 468, 467, 1, 1000000000),
    (311, 469, 389, 1, 1000000000),
    (311, 469, 431, 1, 1000000000),
    (311, 469, 443, 1, 1000000000),
    (311, 469, 467, 1, 1000000000),
    (311, 470, 383, 1, 1000000000),
    (311, 470, 389, 1, 1000000000),
    (311, 470, 431, 1, 1000000000),
    (311, 471, 227, 1, 1000000000),
    (311, 471, 383, 1, 1000000000),
    (311, 471, 443, 1, 1000000000),
    (311, 471, 467, 1, 1000000000),
    (311, 472, 443, 1, 1000000000),
    (311, 473, 383, 1, 1000000000),
    (311, 473, 431, 1, 1000000000),
    (311, 474, 263, 1, 2000000000),
    (311, 474, 383, 1, 1000000000),
    (311, 474, 431, 1, 1000000000),
    (311, 474, 443, 1, 1000000000),
    (311, 474, 467, 1, 1000000000),
    (311, 475, 443, 1, 1000000000),
    (311, 476, 227, 1, 1000000000),
    (311, 476, 263, 1, 2000000000),
    (311, 476, 269, 1, 2000000000),
    (311, 476, 443, 1, 1000000000),
    (311, 479, 383, 1, 1000000000),
    (311, 479, 491, 3, 1000000000),
    (311, 480, 359, 1, 1000000000),
    (311, 480, 383, 1, 1000000000),
    (311, 484, 383, 1, 1000000000),
    (311, 484, 461, 2, 1000000000),
    (311, 484, 491, 1, 1000000000),
    (311, 486, 383, 1, 1000000000),
    (311, 486, 431, 1, 1000000000),
    (311, 487, 443, 1, 1000000000),
    (311, 489, 389, 1, 1000000000),
    (311, 490, 383, 1, 1000000000),
    (311, 491, 179, 1, 1000000000),
    (311, 491, 269, 1, 1000000000),
    (311, 491, 383, 1, 1000000000),
    (311, 491, 431, 1, 1000000000),
    (311, 493, 179, 1, 1000000000),
    (311, 493, 383, 1, 1000000000),
    (311, 494, 263, 1, 2000000000),
    (311, 495, 263, 1, 2000000000),
    (311, 496, 443, 1, 1000000000),
    (311, 497, 443, 1, 1000000000),
    (311, 498, 383, 1, 1000000000),
    (311, 498, 431, 1, 1000000000),
    (311, 498, 491, 1, 1000000000),
    (311, 498, 499, 1, 1000000000),
    (311, 499, 367, 1, 1000000000),
    (311, 499, 383, 1, 1000000000),
    (311, 500, 383, 1, 1000000000),
    (311, 500, 443, 1, 1000000000),
    (317, 9, 293, 1, 1000000000),
    (317, 11, 179, 1, 2000000000),
    (317, 18, 491, 1, 1000000000),
    (317, 20, 337, 1, 1000000000),
    (317, 23, 167, 1, 1000000000),
    (317, 23, 491, 1, 1000000000),
    (317, 37, 269, 1, 1000000000),
    (317, 67, 227, 1, 2000000000),
    (317, 67, 359, 1, 2000000000),
    (317, 73, 491, 1, 1000000000),
    (317, 89, 491, 1, 1000000000),
    (317, 145, 227, 1, 2000000000),
    (317, 148, 227, 3, 1000000000),
    (317, 160, 179, 1, 1000000000),
    (317, 160, 263, 1, 1000000000),
    (317, 160, 383, 1, 2000000000),
    (317, 165, 167, 1, 1000000000),
    (317, 165, 227, 5, 1000000000),
    (317, 193, 167, 1, 1000000000),
    (317, 193, 227, 1, 2000000000),
    (317, 212, 167, 1, 1000000000),
    (317, 221, 491, 1, 1000000000),
    (317, 223, 227, 1, 2000000000),
    (317, 223, 359, 1, 2000000000),
    (317, 232, 227, 4, 1000000000),
    (317, 247, 167, 1, 1000000000),
    (317, 247, 227, 1, 2000000000),
    (317, 259, 227, 1, 2000000000),
    (317, 259, 263, 3, 1000000000),
    (317, 259, 359, 1, 2000000000),
    (317, 376, 467, 1, 1000000000),
    (317, 382, 223, 2, 1000000000),
    (317, 382, 383, 1, 2000000000),
    (317, 393, 491, 1, 1000000000),
    (317, 403, 269, 1, 1000000000),
    (317, 404, 491, 1, 1000000000),
    (317, 427, 227, 4, 1000000000),
    (317, 430, 179, 3, 1000000000),
    (317, 462, 227, 4, 1000000000),
    (317, 489, 167, 1, 1000000000),
    (317, 490, 179, 4, 1000000000),
    (347, 3, 263, 3, 1000000000),
    (347, 13, 263, 1, 2000000000),
    (347, 36, 383, 1, 2000000000),
    (347, 50, 397, 1, 1000000000),
    (347, 52, 383, 1, 2000000000),
    (347, 74, 263, 1, 2000000000),
    (347, 74, 421, 1, 1000000000),
    (347, 78, 439, 1, 1000000000),
    (347, 85, 439, 1, 2000000000),
    (347, 86, 433, 1, 1000000000),
    (347, 92, 439, 1, 1000000000),
    (347, 97, 439, 1, 1000000000),
    (347, 102, 263, 1, 2000000000),
    (347, 102, 383, 1, 2000000000),
    (347, 102, 449, 1, 1000000000),
    (347, 105, 439, 1, 1000000000),
    (347, 110, 457, 1, 1000000000),
    (347, 113, 263, 1, 2000000000),
    (347, 116, 463, 1, 1000000000),
    (347, 120, 467, 2, 1000000000),
    (347, 131, 431, 1, 1000000000),
    (347, 140, 487, 1, 1000000000),
    (347, 144, 491, 1, 1000000000),
    (347, 152, 499, 1, 1000000000),
    (347, 183, 439, 1, 1000000000),
    (347, 227, 47, 1, 2000000000),
    (347, 251, 383, 3, 1000000000),
    (347, 256, 383, 3, 1000000000),
    (347, 257, 47, 3, 1000000000),
    (347, 262, 227, 1, 2000000000),
    (347, 277, 439, 1, 1000000000),
    (347, 323, 383, 1, 2000000000),
    (347, 333, 439, 1, 1000000000),
    (347, 356, 383, 1, 1000000000),
    (347, 382, 383, 1, 2000000000),
    (347, 420, 421, 1, 1000000000),
    (347, 421, 439, 1, 2000000000),
    (347, 428, 383, 1, 2000000000),
    (347, 434, 383, 1, 1000000000),
    (347, 450, 19, 1, 1000000000),
    (347, 471, 383, 1, 1000000000),
    (349, 79, 311, 1, 1000000000),
    (349, 380, 311, 1, 1000000000),
    (353, 7, 467, 1, 1000000000),
    (353, 41, 179, 1, 2000000000),
    (353, 41, 467, 1, 1000000000),
    (353, 43, 263, 3, 1000000000),
    (353, 46, 479, 1, 1000000000),
    (353, 48, 479, 1, 1000000000),
    (353, 49, 263, 1, 1000000000),
    (353, 60, 227, 1, 1000000000),
    (353, 61, 179, 1, 2000000000),
    (353, 74, 263, 1, 1000000000),
    (353, 83, 179, 1, 2000000000),
    (353, 103, 179, 1, 2000000000),
    (353, 114, 467, 1, 1000000000),
    (353, 137, 263, 3, 1000000000),
    (353, 138, 491, 1, 1000000000),
    (353, 157, 467, 1, 1000000000),
    (353, 187, 383, 1, 1000000000),
    (353, 191, 179, 1, 2000000000),
    (353, 194, 223, 1, 1000000000),
    (353, 241, 487, 1, 1000000000),
    (353, 248, 227, 1, 1000000000),
    (353, 259, 467, 1, 1000000000),
    (353, 316, 179, 1, 2000000000),
    (353, 334, 47, 2, 1000000000),
    (353, 343, 227, 1, 1000000000),
    (353, 352, 311, 1, 1000000000),
    (353, 354, 263, 3, 1000000000),
    (353, 354, 311, 1, 1000000000),
    (353, 356, 179, 1, 2000000000),
    (353, 359, 263, 3, 1000000000),
    (353, 378, 263, 3, 1000000000),
    (353, 378, 379, 1, 1000000000),
    (353, 402, 467, 1, 1000000000),
    (353, 411, 263, 6, 1000000000),
    (353, 412, 263, 3, 1000000000),
    (353, 431, 227, 1, 1000000000),
    (353, 457, 263, 1, 1000000000),
    (353, 474, 263, 1, 1000000000),
    (353, 476, 227, 1, 1000000000),
    (353, 478, 467, 1, 1000000000),
    (353, 479, 179, 1, 1000000000),
    (353, 479, 263, 3, 1000000000),
    (359, 1, 479, 1, 2000000000),
    (359, 2, 467, 1, 2000000000),
    (359, 5, 389, 1, 1000000000),
    (359, 5, 449, 1, 1000000000),
    (359, 6, 479, 1, 2000000000),
    (359, 8, 227, 1, 2000000000),
    (359, 8, 367, 1, 1000000000),
    (359, 8, 479, 1, 2000000000),
    (359, 9, 479, 1, 2000000000),
    (359, 10, 491, 1, 2000000000),
    (359, 12, 479, 1, 2000000000),
    (359, 12, 491, 1, 1000000000),
    (359, 13, 227, 1, 2000000000),
    (359, 14, 373, 1, 1000000000),
    (359, 15, 479, 1, 2000000000),
    (359, 15, 491, 1, 1000000000),
    (359, 16, 389, 1, 2000000000),
    (359, 16, 479, 1, 2000000000),
    (359, 16, 491, 1, 2000000000),
    (359, 18, 467, 1, 2000000000),
    (359, 18, 479, 1, 2000000000),
    (359, 20, 379, 1, 1000000000),
    (359, 20, 479, 1, 2000000000),
    (359, 20, 491, 1, 2000000000),
    (359, 22, 479, 1, 2000000000),
    (359, 23, 487, 2, 1000000000),
    (359, 23, 491, 2, 1000000000),
    (359, 24, 383, 1, 1000000000),
    (359, 27, 479, 1, 2000000000),
    (359, 30, 389, 1, 1000000000),
    (359, 35, 167, 1, 2000000000),
    (359, 38, 397, 1, 1000000000),
    (359, 40, 479, 1, 2000000000),
    (359, 42, 401, 1, 2000000000),
    (359, 44, 479, 1, 2000000000),
    (359, 44, 491, 1, 2000000000),
    (359, 45, 479, 1, 2000000000),
    (359, 45, 491, 1, 1000000000),
    (359, 46, 47, 1, 2000000000),
    (359, 46, 491, 3, 1000000000),
    (359, 48, 467, 1, 2000000000),
    (359, 50, 409, 1, 1000000000),
    (359, 50, 479, 1, 2000000000),
    (359, 54, 227, 1, 2000000000),
    (359, 54, 479, 1, 2000000000),
    (359, 55, 269, 1, 1000000000),
    (359, 55, 491, 1, 1000000000),
    (359, 59, 311, 1, 1000000000),
    (359, 66, 389, 1, 2000000000),
    (359, 66, 467, 1, 2000000000),
    (359, 66, 479, 1, 2000000000),
    (359, 68, 383, 1, 1000000000),
    (359, 69, 269, 1, 1000000000),
    (359, 72, 367, 1, 2000000000),
    (359, 72, 383, 3, 1000000000),
    (359, 72, 431, 1, 1000000000),
    (359, 73, 487, 1, 1000000000),
    (359, 74, 433, 1, 1000000000),
    (359, 79, 479, 1, 2000000000),
    (359, 80, 439, 1, 2000000000),
    (359, 80, 479, 1, 2000000000),
    (359, 80, 491, 2, 1000000000),
    (359, 81, 479, 1, 2000000000),
    (359, 82, 491, 1, 2000000000),
    (359, 88, 479, 1, 2000000000),
    (359, 88, 491, 1, 1000000000),
    (359, 90, 479, 1, 2000000000),
    (359, 91, 233, 1, 2000000000),
    (359, 91, 479, 1, 2000000000),
    (359, 92, 479, 1, 2000000000),
    (359, 93, 463, 1, 2000000000),
    (359, 96, 479, 1, 2000000000),
    (359, 98, 479, 1, 2000000000),
    (359, 99, 137, 1, 2000000000),
    (359, 99, 383, 1, 1000000000),
    (359, 101, 409, 2, 1000000000),
    (359, 101, 479, 1, 2000000000),
    (359, 102, 461, 1, 1000000000),
    (359, 104, 463, 1, 2000000000),
    (359, 108, 463, 1, 2000000000),
    (359, 108, 467, 1, 2000000000),
    (359, 108, 479, 1, 2000000000),
    (359, 109, 269, 1, 1000000000),
    (359, 110, 479, 1, 2000000000),
    (359, 111, 389, 1, 1000000000),
    (359, 111, 479, 1, 2000000000),
    (359, 115, 439, 1, 1000000000),
    (359, 115, 479, 1, 2000000000),
    (359, 120, 167, 1, 1000000000),
    (359, 120, 479, 1, 2000000000),
    (359, 123, 479, 1, 2000000000),
    (359, 123, 491, 1, 1000000000),
    (359, 125, 491, 1, 1000000000),
    (359, 127, 227, 1, 2000000000),
    (359, 127, 479, 1, 2000000000),
    (359, 128, 431, 1, 1000000000),
    (359, 128, 487, 1, 1000000000),
    (359, 128, 491, 1, 2000000000),
    (359, 132, 311, 1, 1000000000),
    (359, 132, 479, 1, 2000000000),
    (359, 132, 491, 1, 1000000000),
    (359, 135, 479, 1, 2000000000),
    (359, 135, 491, 1, 1000000000),
    (359, 136, 479, 1, 2000000000),
    (359, 140, 499, 1, 2000000000),
    (359, 141, 233, 1, 2000000000),
    (359, 141, 389, 1, 1000000000),
    (359, 141, 467, 1, 2000000000),
    (359, 141, 479, 1, 2000000000),
    (359, 144, 389, 1, 2000000000),
    (359, 145, 227, 1, 2000000000),
    (359, 147, 479, 1, 2000000000),
    (359, 149, 227, 1, 2000000000),
    (359, 149, 479, 1, 2000000000),
    (359, 160, 479, 1, 2000000000),
    (359, 164, 479, 1, 2000000000),
    (359, 165, 479, 1, 2000000000),
    (359, 165, 491, 1, 1000000000),
    (359, 169, 233, 1, 2000000000),
    (359, 169, 461, 1, 1000000000),
    (359, 169, 491, 1, 1000000000),
    (359, 170, 491, 1, 1000000000),
    (359, 173, 389, 1, 1000000000),
    (359, 173, 479, 1, 2000000000),
    (359, 173, 491, 1, 1000000000),
    (359, 176, 479, 1, 2000000000),
    (359, 176, 491, 1, 1000000000),
    (359, 181, 479, 1, 2000000000),
    (359, 182, 479, 1, 2000000000),
    (359, 185, 479, 1, 2000000000),
    (359, 188, 467, 1, 2000000000),
    (359, 191, 479, 1, 2000000000),
    (359, 192, 479, 1, 2000000000),
    (359, 193, 463, 1, 2000000000),
    (359, 198, 479, 1, 2000000000),
    (359, 200, 479, 1, 2000000000),
    (359, 202, 227, 1, 2000000000),
    (359, 202, 491, 1, 1000000000),
    (359, 207, 479, 1, 2000000000),
    (359, 208, 227, 1, 2000000000),
    (359, 219, 443, 1, 1000000000),
    (359, 222, 479, 1, 2000000000),
    (359, 223, 269, 1, 2000000000),
    (359, 226, 227, 1, 2000000000),
    (359, 229, 479, 1, 2000000000),
    (359, 233, 479, 1, 2000000000),
    (359, 233, 491, 1, 1000000000),
    (359, 237, 479, 1, 2000000000),
    (359, 237, 491, 1, 1000000000),
    (359, 240, 479, 1, 2000000000),
    (359, 241, 479, 1, 2000000000),
    (359, 241, 491, 3, 1000000000),
    (359, 242, 479, 1, 2000000000),
    (359, 242, 491, 1, 2000000000),
    (359, 247, 491, 1, 2000000000),
    (359, 250, 479, 1, 2000000000),
    (359, 253, 367, 1, 1000000000),
    (359, 253, 491, 1, 2000000000),
    (359, 255, 467, 1, 2000000000),
    (359, 255, 491, 1, 1000000000),
    (359, 256, 479, 1, 2000000000),
    (359, 256, 491, 1, 2000000000),
    (359, 262, 227, 1, 2000000000),
    (359, 262, 491, 1, 1000000000),
    (359, 264, 479, 1, 2000000000),
    (359, 269, 443, 1, 1000000000),
    (359, 270, 479, 1, 2000000000),
    (359, 273, 227, 1, 2000000000),
    (359, 273, 449, 1, 1000000000),
    (359, 276, 479, 1, 2000000000),
    (359, 281, 479, 1, 2000000000),
    (359, 288, 227, 1, 2000000000),
    (359, 288, 479, 1, 2000000000),
    (359, 289, 383, 3, 1000000000),
    (359, 289, 479, 1, 2000000000),
    (359, 294, 479, 1, 2000000000),
    (359, 294, 491, 1, 1000000000),
    (359, 296, 389, 1, 1000000000),
    (359, 300, 479, 1, 2000000000),
    (359, 301, 479, 1, 2000000000),
    (359, 306, 167, 1, 2000000000),
    (359, 306, 479, 1, 2000000000),
    (359, 306, 491, 1, 1000000000),
    (359, 310, 443, 1, 1000000000),
    (359, 311, 269, 1, 1000000000),
    (359, 316, 389, 1, 1000000000),
    (359, 316, 491, 1, 1000000000),
    (359, 317, 383, 2, 1000000000),
    (359, 321, 479, 1, 2000000000),
    (359, 324, 233, 1, 2000000000),
    (359, 324, 389, 1, 1000000000),
    (359, 328, 47, 1, 2000000000),
    (359, 330, 479, 1, 2000000000),
    (359, 338, 479, 1, 2000000000),
    (359, 340, 479, 1, 2000000000),
    (359, 345, 479, 1, 2000000000),
    (359, 345, 487, 1, 2000000000),
    (359, 352, 479, 1, 2000000000),
    (359, 360, 383, 1, 1000000000),
    (359, 360, 479, 1, 2000000000),
    (359, 360, 491, 1, 2000000000),
    (359, 361, 317, 1, 2000000000),
    (359, 361, 479, 1, 2000000000),
    (359, 363, 479, 1, 2000000000),
    (359, 364, 167, 1, 2000000000),
    (359, 364, 389, 1, 2000000000),
    (359, 364, 491, 1, 2000000000),
    (359, 367, 479, 1, 2000000000),
    (359, 367, 491, 1, 2000000000),
    (359, 370, 479, 1, 2000000000),
    (359, 371, 479, 1, 2000000000),
    (359, 374, 479, 1, 2000000000),
    (359, 379, 479, 1, 2000000000),
    (359, 381, 479, 1, 2000000000),
    (359, 382, 479, 1, 2000000000),
    (359, 389, 467, 1, 2000000000),
    (359, 389, 479, 1, 2000000000),
    (359, 392, 233, 1, 2000000000),
    (359, 395, 479, 1, 2000000000),
    (359, 399, 479, 1, 2000000000),
    (359, 403, 479, 1, 2000000000),
    (359, 404, 479, 1, 2000000000),
    (359, 404, 491, 1, 1000000000),
    (359, 405, 479, 1, 2000000000),
    (359, 406, 47, 1, 2000000000),
    (359, 408, 389, 1, 1000000000),
    (359, 418, 443, 1, 1000000000),
    (359, 419, 389, 1, 1000000000),
    (359, 419, 491, 1, 1000000000),
    (359, 420, 227, 1, 2000000000),
    (359, 425, 389, 1, 2000000000),
    (359, 425, 491, 1, 1000000000),
    (359, 427, 263, 1, 2000000000),
    (359, 427, 479, 1, 2000000000),
    (359, 427, 491, 1, 2000000000),
    (359, 431, 227, 3, 1000000000),
    (359, 431, 449, 1, 1000000000),
    (359, 431, 491, 2, 1000000000),
    (359, 432, 433, 1, 1000000000),
    (359, 432, 491, 1, 1000000000),
    (359, 433, 491, 3, 1000000000),
    (359, 434, 443, 1, 1000000000),
    (359, 438, 227, 1, 2000000000),
    (359, 438, 467, 1, 2000000000),
    (359, 438, 491, 1, 2000000000),
    (359, 440, 439, 1, 2000000000),
    (359, 440, 479, 1, 2000000000),
    (359, 441, 479, 1, 2000000000),
    (359, 444, 389, 1, 1000000000),
    (359, 451, 389, 1, 1000000000),
    (359, 457, 467, 1, 2000000000),
    (359, 459, 479, 1, 2000000000),
    (359, 459, 491, 1, 1000000000),
    (359, 461, 479, 1, 2000000000),
    (359, 461, 491, 1, 2000000000),
    (359, 462, 463, 1, 2000000000),
    (359, 466, 389, 1, 1000000000),
    (359, 470, 479, 1, 2000000000),
    (359, 475, 463, 2, 1000000000),
    (359, 480, 479, 1, 2000000000),
    (359, 482, 389, 1, 1000000000),
    (359, 484, 317, 1, 2000000000),
    (359, 486, 227, 1, 2000000000),
    (359, 486, 389, 1, 2000000000),
    (359, 486, 487, 1, 1000000000),
    (359, 487, 367, 1, 1000000000),
    (359, 487, 479, 1, 2000000000),
    (359, 491, 479, 1, 2000000000),
    (359, 493, 227, 1, 2000000000),
    (359, 500, 479, 1, 2000000000),
    (367, 2, 479, 1, 2000000000),
    (367, 6, 373, 1, 1000000000),
    (367, 7, 479, 1, 2000000000),
    (367, 9, 383, 1, 1000000000),
    (367, 9, 479, 1, 2000000000),
    (367, 12, 379, 1, 1000000000),
    (367, 16, 149, 1, 1000000000),
    (367, 18, 479, 1, 2000000000),
    (367, 23, 227, 1, 1000000000),
    (367, 23, 269, 1, 1000000000),
    (367, 23, 479, 1, 2000000000),
    (367, 26, 479, 1, 2000000000),
    (367, 29, 359, 1, 2000000000),
    (367, 31, 269, 1, 2000000000),
    (367, 37, 383, 1, 1000000000),
    (367, 42, 269, 1, 1000000000),
    (367, 42, 409, 3, 1000000000),
    (367, 46, 479, 1, 2000000000),
    (367, 52, 419, 1, 2000000000),
    (367, 52, 479, 1, 2000000000),
    (367, 55, 269, 1, 1000000000),
    (367, 59, 311, 1, 1000000000),
    (367, 62, 269, 3, 1000000000),
    (367, 63, 359, 1, 1000000000),
    (367, 67, 479, 1, 2000000000),
    (367, 72, 439, 1, 1000000000),
    (367, 76, 269, 1, 1000000000),
    (367, 80, 263, 1, 2000000000),
    (367, 81, 439, 1, 1000000000),
    (367, 82, 449, 2, 1000000000),
    (367, 87, 359, 1, 1000000000),
    (367, 92, 269, 1, 2000000000),
    (367, 97, 269, 1, 1000000000),
    (367, 100, 467, 1, 2000000000),
    (367, 100, 479, 1, 2000000000),
    (367, 106, 359, 1, 1000000000),
    (367, 106, 383, 1, 1000000000),
    (367, 112, 479, 1, 2000000000),
    (367, 113, 479, 1, 2000000000),
    (367, 114, 149, 1, 2000000000),
    (367, 118, 269, 1, 2000000000),
    (367, 124, 269, 1, 1000000000),
    (367, 124, 373, 1, 1000000000),
    (367, 128, 269, 1, 2000000000),
    (367, 129, 383, 1, 1000000000),
    (367, 131, 179, 1, 1000000000),
    (367, 132, 179, 1, 1000000000),
    (367, 132, 311, 1, 1000000000),
    (367, 144, 269, 1, 2000000000),
    (367, 145, 373, 1, 1000000000),
    (367, 146, 479, 1, 2000000000),
    (367, 166, 479, 1, 2000000000),
    (367, 171, 269, 3, 1000000000),
    (367, 174, 269, 3, 1000000000),
    (367, 175, 359, 1, 1000000000),
    (367, 177, 311, 1, 1000000000),
    (367, 196, 383, 1, 1000000000),
    (367, 199, 359, 1, 1000000000),
    (367, 200, 491, 1, 1000000000),
    (367, 209, 439, 1, 1000000000),
    (367, 222, 311, 1, 1000000000),
    (367, 232, 311, 1, 1000000000),
    (367, 247, 311, 1, 1000000000),
    (367, 261, 311, 1, 1000000000),
    (367, 281, 479, 1, 2000000000),
    (367, 283, 479, 1, 2000000000),
    (367, 289, 479, 1, 2000000000),
    (367, 290, 479, 1, 2000000000),
    (367, 292, 479, 1, 2000000000),
    (367, 299, 491, 1, 2000000000),
    (367, 308, 269, 1, 1000000000),
    (367, 321, 269, 3, 1000000000),
    (367, 325, 373, 2, 1000000000),
    (367, 327, 167, 1, 1000000000),
    (367, 327, 491, 1, 1000000000),
    (367, 334, 263, 1, 2000000000),
    (367, 340, 311, 1, 1000000000),
    (367, 343, 479, 1, 2000000000),
    (367, 346, 383, 1, 1000000000),
    (367, 348, 479, 1, 2000000000),
    (367, 362, 479, 1, 2000000000),
    (367, 368, 179, 1, 1000000000),
    (367, 368, 311, 1, 1000000000),
    (367, 368, 389, 1, 1000000000),
    (367, 368, 479, 1, 2000000000),
    (367, 369, 479, 1, 2000000000),
    (367, 374, 479, 1, 2000000000),
    (367, 374, 491, 2, 1000000000),
    (367, 385, 373, 1, 1000000000),
    (367, 388, 311, 1, 1000000000),
    (367, 403, 383, 1, 1000000000),
    (367, 416, 359, 1, 1000000000),
    (367, 416, 479, 1, 2000000000),
    (367, 426, 167, 1, 1000000000),
    (367, 429, 479, 1, 2000000000),
    (367, 431, 439, 1, 1000000000),
    (367, 433, 479, 1, 2000000000),
    (367, 449, 179, 1, 2000000000),
    (367, 453, 311, 1, 1000000000),
    (367, 454, 383, 1, 1000000000),
    (367, 471, 479, 1, 2000000000),
    (367, 474, 269, 1, 1000000000),
    (367, 474, 479, 1, 2000000000),
    (367, 479, 383, 1, 1000000000),
    (367, 487, 167, 1, 1000000000),
    (367, 487, 269, 1, 1000000000),
    (367, 487, 439, 1, 2000000000),
    (367, 489, 491, 2, 1000000000),
    (367, 491, 383, 1, 1000000000),
    (367, 491, 479, 1, 2000000000),
    (367, 496, 479, 1, 2000000000),
    (373, 137, 227, 1, 1000000000),
    (373, 140, 227, 1, 1000000000),
    (373, 244, 227, 1, 1000000000),
    (373, 289, 227, 1, 1000000000),
    (373, 374, 269, 1, 1000000000),
    (373, 374, 311, 1, 1000000000),
    (373, 434, 311, 1, 1000000000),
    (373, 465, 311, 1, 1000000000),
    (373, 472, 367, 1, 1000000000),
    (373, 480, 179, 1, 1000000000),
    (373, 482, 227, 1, 1000000000),
    (373, 492, 311, 1, 1000000000),
    (379, 20, 263, 1, 1000000000),
    (379, 43, 359, 1, 1000000000),
    (379, 350, 227, 1, 1000000000),
    (379, 400, 263, 1, 1000000000),
    (383, 2, 479, 1, 1000000000),
    (383, 6, 439, 1, 1000000000),
    (383, 7, 263, 2, 1000000000),
    (383, 8, 179, 5, 1000000000),
    (383, 11, 311, 1, 1000000000),
    (383, 13, 269, 1, 1000000000),
    (383, 14, 439, 1, 1000000000),
    (383, 16, 409, 1, 1000000000),
    (383, 18, 347, 1, 2000000000),
    (383, 18, 401, 1, 1000000000),
    (383, 19, 311, 1, 1000000000),
    (383, 19, 367, 1, 1000000000),
    (383, 20, 347, 1, 1000000000),
    (383, 23, 479, 1, 1000000000),
    (383, 24, 479, 1, 1000000000),
    (383, 28, 479, 1, 1000000000),
    (383, 31, 311, 1, 1000000000),
    (383, 32, 263, 1, 2000000000),
    (383, 33, 311, 1, 1000000000),
    (383, 38, 269, 3, 1000000000),
    (383, 38, 421, 1, 1000000000),
    (383, 38, 479, 1, 1000000000),
    (383, 41, 311, 1, 1000000000),
    (383, 43, 311, 1, 1000000000),
    (383, 44, 269, 1, 1000000000),
    (383, 51, 263, 1, 2000000000),
    (383, 51, 311, 1, 1000000000),
    (383, 55, 311, 1, 1000000000),
    (383, 56, 409, 1, 1000000000),
    (383, 57, 311, 1, 1000000000),
    (383, 58, 311, 1, 1000000000),
    (383, 59, 311, 1, 1000000000),
    (383, 61, 311, 1, 1000000000),
    (383, 63, 107, 1, 1000000000),
    (383, 63, 263, 1, 2000000000),
    (383, 69, 311, 1, 1000000000),
    (383, 71, 367, 1, 1000000000),
    (383, 72, 439, 1, 1000000000),
    (383, 76, 311, 1, 1000000000),
    (383, 77, 311, 1, 1000000000),
    (383, 82, 311, 1, 1000000000),
    (383, 85, 311, 1, 1000000000),
    (383, 86, 311, 1, 1000000000),
    (383, 87, 311, 1, 1000000000),
    (383, 88, 311, 1, 1000000000),
    (383, 93, 311, 1, 1000000000),
    (383, 95, 311, 1, 1000000000),
    (383, 97, 311, 1, 1000000000),
    (383, 98, 439, 1, 1000000000),
    (383, 99, 311, 1, 1000000000),
    (383, 99, 367, 1, 1000000000),
    (383, 100, 149, 1, 1000000000),
    (383, 100, 263, 1, 1000000000),
    (383, 101, 263, 1, 2000000000),
    (383, 101, 479, 1, 1000000000),
    (383, 102, 83, 1, 1000000000),
    (383, 102, 311, 1, 1000000000),
    (383, 108, 263, 2, 1000000000),
    (383, 108, 491, 1, 1000000000),
    (383, 109, 367, 1, 1000000000),
    (383, 110, 311, 1, 1000000000),
    (383, 110, 491, 1, 1000000000),
    (383, 111, 311, 1, 1000000000),
    (383, 112, 263, 2, 1000000000),
    (383, 114, 311, 1, 1000000000),
    (383, 115, 311, 1, 1000000000),
    (383, 116, 311, 1, 1000000000),
    (383, 118, 311, 1, 1000000000),
    (383, 119, 311, 1, 1000000000),
    (383, 121, 149, 1, 1000000000),
    (383, 123, 311, 1, 1000000000),
    (383, 124, 263, 1, 2000000000),
    (383, 124, 311, 1, 1000000000),
    (383, 124, 317, 1, 2000000000),
    (383, 129, 263, 1, 2000000000),
    (383, 129, 311, 1, 1000000000),
    (383, 129, 479, 1, 1000000000),
    (383, 130, 263, 1, 2000000000),
    (383, 130, 439, 1, 2000000000),
    (383, 131, 311, 1, 1000000000),
    (383, 132, 311, 1, 1000000000),
    (383, 133, 479, 1, 1000000000),
    (383, 134, 347, 3, 1000000000),
    (383, 136, 311, 1, 1000000000),
    (383, 138, 47, 1, 1000000000),
    (383, 138, 311, 1, 1000000000),
    (383, 138, 491, 1, 1000000000),
    (383, 142, 311, 1, 1000000000),
    (383, 143, 311, 1, 1000000000),
    (383, 145, 311, 1, 1000000000),
    (383, 148, 311, 1, 1000000000),
    (383, 149, 311, 1, 1000000000),
    (383, 149, 439, 1, 2000000000),
    (383, 150, 269, 1, 1000000000),
    (383, 151, 311, 1, 1000000000),
    (383, 152, 311, 1, 1000000000),
    (383, 153, 311, 1, 1000000000),
    (383, 155, 311, 1, 1000000000),
    (383, 160, 367, 1, 1000000000),
    (383, 161, 311, 1, 1000000000),
    (383, 163, 179, 1, 1000000000),
    (383, 163, 367, 1, 1000000000),
    (383, 164, 311, 1, 1000000000),
    (383, 165, 179, 1, 1000000000),
    (383, 165, 263, 1, 2000000000),
    (383, 165, 269, 3, 1000000000),
    (383, 165, 311, 1, 1000000000),
    (383, 167, 311, 1, 1000000000),
    (383, 168, 479, 1, 1000000000),
    (383, 170, 311, 1, 1000000000),
    (383, 170, 409, 1, 1000000000),
    (383, 171, 311, 1, 1000000000),
    (383, 172, 167, 1, 1000000000),
    (383, 172, 311, 1, 1000000000),
    (383, 175, 269, 1, 2000000000),
    (383, 175, 499, 1, 2000000000),
    (383, 176, 311, 1, 1000000000),
    (383, 180, 347, 3, 1000000000),
    (383, 180, 367, 1, 1000000000),
    (383, 181, 311, 1, 1000000000),
    (383, 183, 311, 1, 1000000000),
    (383, 184, 311, 1, 1000000000),
    (383, 185, 311, 1, 1000000000),
    (383, 186, 311, 1, 1000000000),
    (383, 188, 83, 1, 2000000000),
    (383, 190, 311, 1, 1000000000),
    (383, 191, 311, 1, 1000000000),
    (383, 192, 263, 1, 1000000000),
    (383, 192, 439, 1, 2000000000),
    (383, 194, 311, 1, 1000000000),
    (383, 196, 149, 1, 1000000000),
    (383, 197, 367, 1, 1000000000),
    (383, 199, 311, 1, 1000000000),
    (383, 202, 311, 1, 1000000000),
    (383, 203, 263, 1, 2000000000),
    (383, 203, 367, 1, 1000000000),
    (383, 204, 311, 1, 1000000000),
    (383, 205, 479, 1, 1000000000),
    (383, 206, 311, 1, 1000000000),
    (383, 207, 311, 1, 1000000000),
    (383, 213, 311, 1, 1000000000),
    (383, 215, 311, 1, 1000000000),
    (383, 216, 269, 1, 1000000000),
    (383, 216, 491, 1, 1000000000),
    (383, 217, 179, 5, 1000000000),
    (383, 217, 263, 2, 1000000000),
    (383, 217, 311, 1, 1000000000),
    (383, 221, 311, 1, 1000000000),
    (383, 222, 311, 1, 1000000000),
    (383, 227, 311, 1, 1000000000),
    (383, 228, 311, 1, 1000000000),
    (383, 229, 409, 1, 1000000000),
    (383, 230, 311, 1, 1000000000),
    (383, 232, 311, 1, 1000000000),
    (383, 232, 353, 1, 1000000000),
    (383, 235, 479, 1, 1000000000),
    (383, 236, 311, 1, 1000000000),
    (383, 238, 83, 1, 1000000000),
    (383, 238, 311, 1, 1000000000),
    (383, 239, 311, 1, 1000000000),
    (383, 241, 311, 1, 1000000000),
    (383, 242, 263, 1, 2000000000),
    (383, 243, 491, 1, 1000000000),
    (383, 244, 311, 1, 1000000000),
    (383, 245, 167, 1, 1000000000),
    (383, 245, 269, 5, 1000000000),
    (383, 249, 359, 1, 1000000000),
    (383, 251, 263, 2, 1000000000),
    (383, 251, 311, 1, 1000000000),
    (383, 252, 439, 1, 1000000000),
    (383, 255, 311, 1, 1000000000),
    (383, 257, 311, 1, 1000000000),
    (383, 258, 311, 1, 1000000000),
    (383, 259, 311, 1, 1000000000),
    (383, 260, 439, 1, 1000000000),
    (383, 261, 311, 1, 1000000000),
    (383, 262, 311, 1, 1000000000),
    (383, 264, 311, 1, 1000000000),
    (383, 271, 311, 1, 1000000000),
    (383, 272, 227, 1, 1000000000),
    (383, 272, 311, 1, 1000000000),
    (383, 275, 311, 1, 1000000000),
    (383, 276, 367, 1, 1000000000),
    (383, 279, 107, 3, 1000000000),
    (383, 279, 311, 1, 1000000000),
    (383, 281, 311, 1, 1000000000),
    (383, 284, 311, 1, 1000000000),
    (383, 285, 311, 1, 1000000000),
    (383, 286, 311, 1, 1000000000),
    (383, 286, 479, 1, 1000000000),
    (383, 287, 311, 1, 1000000000),
    (383, 290, 311, 1, 1000000000),
    (383, 293, 439, 1, 1000000000),
    (383, 294, 439, 1, 1000000000),
    (383, 294, 479, 1, 1000000000),
    (383, 295, 367, 1, 1000000000),
    (383, 296, 311, 1, 1000000000),
    (383, 297, 311, 1, 1000000000),
    (383, 299, 311, 1, 1000000000),
    (383, 305, 311, 1, 1000000000),
    (383, 306, 311, 1, 1000000000),
    (383, 307, 311, 1, 1000000000),
    (383, 308, 311, 1, 1000000000),
    (383, 310, 311, 1, 1000000000),
    (383, 322, 311, 1, 1000000000),
    (383, 323, 409, 1, 1000000000),
    (383, 330, 311, 1, 1000000000),
    (383, 331, 179, 5, 1000000000),
    (383, 331, 347, 1, 2000000000),
    (383, 331, 439, 1, 1000000000),
    (383, 334, 367, 1, 1000000000),
    (383, 338, 347, 1, 1000000000),
    (383, 342, 179, 1, 1000000000),
    (383, 342, 311, 1, 1000000000),
    (383, 345, 311, 1, 1000000000),
    (383, 346, 347, 1, 1000000000),
    (383, 349, 311, 1, 1000000000),
    (383, 353, 409, 1, 1000000000),
    (383, 354, 311, 1, 1000000000),
    (383, 355, 311, 1, 1000000000),
    (383, 357, 311, 1, 1000000000),
    (383, 358, 409, 1, 1000000000),
    (383, 362, 311, 1, 1000000000),
    (383, 367, 47, 1, 1000000000),
    (383, 368, 311, 1, 1000000000),
    (383, 369, 311, 1, 1000000000),
    (383, 370, 311, 1, 1000000000),
    (383, 372, 311, 1, 1000000000),
    (383, 373, 311, 1, 1000000000),
    (383, 379, 311, 1, 1000000000),
    (383, 379, 409, 1, 1000000000),
    (383, 382, 311, 1, 1000000000),
    (383, 384, 179, 1, 2000000000),
    (383, 385, 409, 1, 1000000000),
    (383, 387, 311, 1, 1000000000),
    (383, 388, 311, 1, 1000000000),
    (383, 390, 439, 1, 1000000000),
    (383, 390, 491, 1, 1000000000),
    (383, 393, 311, 1, 1000000000),
    (383, 393, 409, 1, 1000000000),
    (383, 395, 179, 1, 1000000000),
    (383, 396, 47, 1, 1000000000),
    (383, 397, 311, 1, 1000000000),
    (383, 399, 311, 1, 1000000000),
    (383, 402, 47, 1, 1000000000),
    (383, 402, 263, 1, 1000000000),
    (383, 404, 311, 1, 1000000000),
    (383, 404, 479, 1, 1000000000),
    (383, 406, 311, 1, 1000000000),
    (383, 407, 479, 1, 1000000000),
    (383, 408, 311, 1, 1000000000),
    (383, 410, 311, 1, 1000000000),
    (383, 414, 311, 1, 1000000000),
    (383, 419, 401, 1, 1000000000),
    (383, 419, 479, 1, 1000000000),
    (383, 421, 263, 1, 2000000000),
    (383, 421, 311, 1, 1000000000),
    (383, 425, 311, 1, 1000000000),
    (383, 427, 311, 1, 1000000000),
    (383, 429, 179, 3, 1000000000),
    (383, 429, 311, 1, 1000000000),
    (383, 430, 311, 1, 1000000000),
    (383, 431, 179, 5, 1000000000),
    (383, 433, 311, 1, 1000000000),
    (383, 434, 47, 1, 1000000000),
    (383, 434, 263, 1, 1000000000),
    (383, 434, 311, 1, 1000000000),
    (383, 440, 311, 1, 1000000000),
    (383, 440, 317, 1, 1000000000),
    (383, 442, 311, 1, 1000000000),
    (383, 442, 367, 1, 1000000000),
    (383, 443, 311, 1, 1000000000),
    (383, 445, 367, 1, 1000000000),
    (383, 446, 439, 1, 2000000000),
    (383, 449, 311, 1, 1000000000),
    (383, 450, 491, 1, 1000000000),
    (383, 454, 311, 1, 1000000000),
    (383, 454, 359, 1, 1000000000),
    (383, 455, 439, 1, 1000000000),
    (383, 456, 311, 1, 1000000000),
    (383, 456, 479, 1, 1000000000),
    (383, 460, 83, 1, 1000000000),
    (383, 460, 311, 1, 1000000000),
    (383, 461, 269, 1, 1000000000),
    (383, 463, 311, 1, 1000000000),
    (383, 464, 311, 1, 1000000000),
    (383, 465, 311, 1, 1000000000),
    (383, 466, 311, 1, 1000000000),
    (383, 467, 479, 1, 1000000000),
    (383, 475, 311, 1, 1000000000),
    (383, 476, 311, 1, 1000000000),
    (383, 483, 311, 1, 1000000000),
    (383, 485, 311, 1, 1000000000),
    (383, 487, 311, 1, 1000000000),
    (383, 488, 311, 1, 1000000000),
    (383, 492, 311, 1, 1000000000),
    (383, 494, 311, 1, 1000000000),
    (383, 495, 179, 3, 1000000000),
    (383, 495, 311, 1, 1000000000),
    (383, 495, 439, 1, 2000000000),
    (383, 495, 479, 1, 1000000000),
    (383, 497, 311, 1, 1000000000),
    (383, 497, 491, 1, 1000000000),
    (383, 499, 263, 1, 2000000000),
    (389, 6, 443, 1, 1000000000),
    (389, 6, 467, 1, 2000000000),
    (389, 12, 401, 1, 2000000000),
    (389, 20, 367, 1, 2000000000),
    (389, 35, 467, 1, 2000000000),
    (389, 44, 433, 1, 1000000000),
    (389, 50, 439, 1, 1000000000),
    (389, 54, 443, 1, 1000000000),
    (389, 55, 311, 1, 1000000000),
    (389, 60, 449, 3, 1000000000),
    (389, 67, 467, 1, 2000000000),
    (389, 69, 491, 3, 1000000000),
    (389, 76, 491, 3, 1000000000),
    (389, 77, 467, 1, 2000000000),
    (389, 80, 467, 1, 2000000000),
    (389, 91, 491, 1, 2000000000),
    (389, 92, 227, 1, 1000000000),
    (389, 93, 311, 1, 1000000000),
    (389, 96, 467, 1, 2000000000),
    (389, 102, 491, 1, 1000000000),
    (389, 114, 311, 1, 1000000000),
    (389, 121, 227, 1, 1000000000),
    (389, 143, 239, 1, 2000000000),
    (389, 143, 311, 1, 1000000000),
    (389, 143, 359, 1, 1000000000),
    (389, 171, 311, 1, 1000000000),
    (389, 183, 359, 1, 1000000000),
    (389, 205, 443, 3, 1000000000),
    (389, 216, 367, 1, 1000000000),
    (389, 216, 463, 2, 1000000000),
